0.978021
0.481784
0.831780
0.927709
0.001891
0.460404
0.042299
0.069471
0.676106
0.986822
0.546918
0.992518
0.250818
0.178698
0.673018
0.277652
0.553958
0.662143
0.997468
0.518180
0.495065
0.979758
0.612437
0.314229
0.994312
0.572265
0.002263
0.896046
0.157860
0.009610
0.990454
0.757191
0.856965
0.987289
0.930079
0.612463
0.843430
0.717159
0.080017
0.957667
0.039052
0.353946
0.080658
0.002461
0.838245
0.843934
0.449536
0.605690
0.722597
0.709911
0.072164
0.912434
0.897607
0.114472
0.950995
0.060915
0.600073
0.738604
0.013089
0.215115
0.819128
0.343930
0.974757
0.312782
0.952820
0.045639
0.359419
0.438886
0.343277
0.012933
0.010161
0.119092
0.008203
0.429168
0.325157
0.162113
0.426454
0.983776
0.985911
0.738172
0.991573
0.056656
0.985072
0.925093
0.947827
0.995557
0.006852
0.786517
0.034811
0.021617
0.878602
0.974629
0.897996
0.997783
0.918400
0.254599
0.574630
0.704437
0.001197
0.950510
0.211350
0.973405
0.027169
0.129575
0.093664
0.840214
0.239362
0.115952
0.992419
0.949712
0.042907
0.013000
0.007182
0.202216
0.004739
0.910032
0.975592
0.006208
0.002942
0.882107
0.970209
0.992404
0.894237
0.995100
0.004689
0.720253
0.994875
0.001183
0.099555
0.904559
0.094063
0.060129
0.177895
0.072986
0.101010
0.230316
0.237860
0.025900
0.013931
0.197117
0.158871
0.993861
0.032431
0.998339
0.421897
0.485287
0.057931
0.062295
0.969455
0.844132
0.004235
0.485935
0.809485
0.006033
0.205351
0.760665
0.899917
0.021324
0.676176
0.859726
0.941402
0.775115
0.975099
0.005210
0.449845
0.527314
0.059099
0.983731
0.003584
0.014416
0.059530
0.001557
0.956160
0.437640
0.237609
0.114507
0.033074
0.970018
0.934142
0.991829
0.080809
0.997656
0.981073
0.156038
0.992310
0.463645
0.884003
0.004290
0.671452
0.973987
0.194144
0.004111
0.914494
0.023379
0.922031
0.980154
0.769524
0.710736
0.017358
0.974229
0.016882
0.007698
0.996764
0.890784
0.948561
0.251451
0.152799
0.995386
0.455352
0.091791
0.738374
0.013198
0.012041
0.195982
0.948735
0.004496
0.070627
0.673452
0.365070
0.001569
0.001246
0.894686
0.161672
0.950233
0.031614
0.985389
0.030963
0.002120
0.055426
0.946909
0.979191
0.242889
0.949000
0.368020
0.762606
0.954599
0.427577
0.664915
0.030449
0.009874
0.900756
0.528220
0.350885
0.002000
0.517384
0.086621
0.062716
0.113608
0.015363
0.997601
0.024486
0.056157
0.312404
0.976192
0.008531
0.822568
0.609202
0.617734
0.775029
0.563248
0.311687
0.960441
0.921427
0.804620
0.390210
0.001572
0.977248
0.918744
0.992478
0.982713
0.221868
0.153765
0.505696
0.242393
0.569073
0.001180
0.967952
0.073903
0.013596
0.961565
0.996431
0.004806
0.543707
0.992260
0.805118
0.952619
0.899742
0.041896
0.994632
0.974208
0.532483
0.449724
0.985292
0.003207
0.002612
0.716502
0.932232
0.034627
0.149128
0.154225
0.025102
0.360011
0.957364
0.403494
0.991211
0.829152
0.737944
0.660272
0.372314
0.393249
0.545925
0.517479
0.001341
0.992998
0.022706
0.977747
0.440314
0.966334
0.026582
0.994558
0.823475
0.009614
0.734886
0.930443
0.007045
0.300523
0.387450
0.571917
0.119884
0.668777
0.127106
0.858029
0.002581
0.277375
0.997666
0.323983
0.001235
0.162299
0.939757
0.190953
0.990557
0.733570
0.992811
0.001360
0.799609
0.974300
0.023536
0.005921
0.994025
0.775497
0.744508
0.001583
0.005512
0.364116
0.987615
0.874231
0.056898
0.001827
0.137712
0.383094
0.571623
0.524956
0.994200
0.185194
0.259212
0.173737
0.080038
0.982596
0.142023
0.002694
0.855972
0.912749
0.971895
0.533216
0.956085
0.983896
0.957118
0.066417
0.929052
0.004308
0.033954
0.872651
0.511048
0.991417
0.437860
0.799075
0.983308
0.967942
0.988053
0.928571
0.009379
0.012211
0.988765
0.067625
0.035918
0.737292
0.998292
0.610543
0.962068
0.998531
0.176354
0.982775
0.057183
0.996760
0.990999
0.630454
0.859536
0.981737
0.002495
0.078159
0.014563
0.072600
0.184653
0.017249
0.981533
0.112775
0.970429
0.947995
0.025945
0.970945
0.009478
0.033620
0.090327
0.939119
0.750633
0.581572
0.028596
0.040626
0.208303
0.948687
0.942908
0.038395
0.974451
0.852960
0.002658
0.130407
0.598561
0.896286
0.925692
0.903909
0.996127
0.838882
0.993546
0.386571
0.981562
0.658474
0.793920
0.269890
0.114022
0.852160
0.004529
0.798405
0.820327
0.029605
0.003970
0.970657
0.997188
0.986990
0.139000
0.032617
0.002671
0.668452
0.220714
0.978281
0.975454
0.953949
0.971345
0.989866
0.997537
0.851812
0.001450
0.246762
0.002267
0.397761
0.252608
0.965043
0.502630
0.008071
0.890237
0.783943
0.811748
0.320300
0.990072
0.242419
0.060116
0.995610
0.169703
0.055421
0.341882
0.350936
0.527719
0.160700
0.462347
0.009840
0.916866
0.031366
0.765764
0.947909
0.877584
0.864176
0.055975
0.937265
0.102896
0.004490
0.950301
0.888263
0.202098
0.992736
0.996626
0.520165
0.005209
0.988341
0.008082
0.008841
0.890554
0.605651
0.558951
0.028974
0.974752
0.884148
0.986174
0.005071
0.693175
0.944527
0.517201
0.012898
0.007761
0.468736
0.097925
0.002273
0.994823
0.861587
0.848239
0.175305
0.997804
0.985874
0.982099
0.581915
0.989312
0.515157
0.356849
0.003377
0.030517
0.994041
0.219143
0.524068
0.996244
0.017256
0.373495
0.982349
0.995053
0.145532
0.074002
0.992468
0.592151
0.007415
0.895868
0.989728
0.991574
0.987445
0.008411
0.929279
0.603834
0.161402
0.175699
0.130995
0.990385
0.117385
0.967185
0.014960
0.935733
0.289307
0.762427
0.004066
0.510525
0.993198
0.117738
0.001881
0.979988
0.715518
0.567823
0.989904
0.032826
0.982262
0.906486
0.791059
0.940894
0.981497
0.155003
0.006556
0.802509
0.027996
0.164564
0.003038
0.876387
0.011318
0.710996
0.622508
0.512106
0.050634
0.980763
0.982209
0.067376
0.760446
0.021402
0.854695
0.002084
0.293221
0.959914
0.005927
0.380075
0.901846
0.259140
0.009811
0.004662
0.955440
0.007220
0.058978
0.898871
0.210725
0.956407
0.002509
0.490575
0.995585
0.157913
0.243960
0.672964
0.175812
0.494573
0.066827
0.004170
0.893644
0.115598
0.007052
0.938351
0.203803
0.048743
0.013741
0.839460
0.356535
0.021963
0.885728
0.968733
0.008476
0.987726
0.998516
0.190671
0.030801
0.077684
0.017152
0.514240
0.969841
0.543606
0.024381
0.701761
0.176589
0.887482
0.196458
0.350959
0.319686
0.034741
0.896322
0.024292
0.438607
0.722367
0.013276
0.854150
0.970923
0.128883
0.988739
0.906177
0.883684
0.060759
0.380382
0.993888
0.051763
0.956063
0.279944
0.991190
0.942241
0.007417
0.412993
0.148417
0.799155
0.387830
0.321834
0.002344
0.010522
0.562436
0.016801
0.091742
0.993665
0.983464
0.002528
0.533187
0.653549
0.630000
0.392044
0.460151
0.007212
0.009776
0.114803
0.591422
0.442137
0.479668
0.274730
0.929589
0.943963
0.375052
0.074118
0.951577
0.978082
0.998105
0.003091
0.993150
0.990829
0.982536
0.094901
0.065264
0.005544
0.083237
0.990937
0.006556
0.005009
0.934435
0.348036
0.176620
0.701755
0.930400
0.014034
0.022597
0.071860
0.886161
0.546980
0.092933
0.015351
0.667276
0.647724
0.156410
0.995612
0.709057
0.993217
0.714059
0.579652
0.005529
0.854387
0.939878
0.977121
0.049170
0.020356
0.141179
0.037563
0.154239
0.042500
0.317219
0.128668
0.830494
0.994461
0.814143
0.005194
0.808462
0.035156
0.971664
0.965123
0.067004
0.141565
0.201376
0.995643
0.819256
0.130347
0.213327
0.431195
0.738866
0.915156
0.013322
0.918780
0.640456
0.322451
0.542371
0.987294
0.027844
0.268298
0.318087
0.030203
0.002106
0.989655
0.949968
0.972692
0.170157
0.499859
0.450961
0.975421
0.876323
0.938785
0.949395
0.791939
0.217807
0.989448
0.011754
0.127835
0.959753
0.825582
0.996918
0.977172
0.991580
0.601595
0.041269
0.998322
0.003385
0.715814
0.862933
0.741378
0.021677
0.099642
0.876547
0.314420
0.682501
0.840601
0.012195
0.714082
0.004833
0.982246
0.885574
0.026680
0.904587
0.998674
0.185716
0.054403
0.881324
0.973891
0.008224
0.756794
0.548792
0.887479
0.639775
0.048654
0.011416
0.650365
0.987588
0.512970
0.024821
0.898470
0.001294
0.944090
0.294890
0.014353
0.956547
0.009893
0.948387
0.994788
0.218891
0.945771
0.921519
0.961025
0.986791
0.998202
0.937439
0.966194
0.057279
0.917022
0.001470
0.026260
0.794578
0.116523
0.533825
0.045644
0.059672
0.006638
0.981860
0.012722
0.003363
0.994999
0.955820
0.969393
0.012972
0.018132
0.005484
0.726101
0.020028
0.883421
0.801472
0.975495
0.056692
0.002622
0.923281
0.845274
0.203016
0.113986
0.675760
0.129385
0.240951
0.913472
0.898531
0.054547
0.002166
0.807793
0.996692
0.017320
0.005187
0.001746
0.001666
0.911994
0.889097
0.988761
0.902624
0.003022
0.089940
0.998049
0.522637
0.902957
0.960618
0.165382
0.016312
0.980323
0.027966
0.038596
0.702352
0.162341
0.060807
0.915154
0.016248
0.978547
0.973119
0.959961
0.887130
0.051315
0.051289
0.993265
0.914318
0.948172
0.004159
0.985544
0.023193
0.011112
0.699593
0.894789
0.991132
0.954369
0.919872
0.121937
0.001510
0.956988
0.551541
0.945845
0.458187
0.020039
0.995790
0.624710
0.995959
0.855224
0.997022
0.969729
0.815969
0.847535
0.205419
0.993539
0.079103
0.007085
0.997498
0.001380
0.017121
0.460529
0.785313
0.038748
0.990245
0.538794
0.199933
0.363520
0.989164
0.038122
0.977439
0.002503
0.035328
0.921941
0.457383
0.202959
0.396927
0.032848
0.841194
0.817135
0.942514
0.005135
0.132857
0.070696
0.068461
0.192951
0.018008
0.101988
0.109898
0.735616
0.005832
0.203047
0.941997
0.693623
0.879814
0.514297
0.986760
0.684666
0.995112
0.077149
0.107557
0.936101
0.998073
0.997899
0.979580
0.728756
0.027932
0.002320
0.054772
0.775788
0.039243
0.021718
0.003616
0.060666
0.955087
0.009611
0.957859
0.017700
0.806238
0.901024
0.454333
0.181854
0.995605
0.324063
0.170159
0.340581
0.997520
0.003557
0.957876
0.962343
0.193393
0.058771
0.551404
0.984289
0.033031
0.198135
0.855388
0.713280
0.353405
0.532708
0.911021
0.974801
0.071143
0.003751
0.998673
0.717706
0.915669
0.310873
0.217554
0.967905
0.001215
0.053422
0.541019
0.981057
0.001729
0.027745
0.976861
0.773495
0.194616
0.012505
0.834836
0.024253
0.709473
0.984700
0.004724
0.080487
0.065872
0.986815
0.975742
0.689068
0.972285
0.425579
0.002656
0.955787
0.995003
0.362953
0.064285
0.485138
0.138428
0.994892
0.937897
0.946802
0.990603
0.631965
0.383913
0.118230
0.099106
0.619428
0.823812
0.635731
0.167489
0.002378
0.223569
0.637307
0.094746
0.988256
0.017531
0.985311
0.983326
0.561259
0.001578
0.738028
0.809472
0.994928
0.004989
0.991448
0.353960
0.562637
0.574356
0.981569
0.444773
0.899912
0.274729
0.728773
0.918123
0.997374
0.693005
0.012583
0.051665
0.257227
0.968387
0.959780
0.135995
0.011700
0.812806
0.058322
0.003121
0.853445
0.009389
0.930649
0.001627
0.403310
0.288501
0.105708
0.995944
0.503201
0.924484
0.498703
0.996139
0.988921
0.807006
0.130621
0.764027
0.749432
0.992567
0.012674
0.750318
0.007304
0.670303
0.936568
0.013580
0.925069
0.970109
0.743699
0.661164
0.977022
0.998728
0.515634
0.022145
0.895514
0.917779
0.221640
0.001787
0.186600
0.632267
0.753489
0.479864
0.807616
0.014099
0.997080
0.810643
0.274159
0.312078
0.961168
0.995476
0.181322
0.036114
0.989890
0.017688
0.093241
0.172065
0.511064
0.878730
0.607608
0.794866
0.978288
0.013636
0.752416
0.003128
0.853338
0.930320
0.019345
0.973505
0.950198
0.662086
0.007372
0.976969
0.209949
0.731160
0.734707
0.992870
0.121022
0.320523
0.231824
0.821747
0.212902
0.997234
0.215953
0.173625
0.033873
0.009472
0.001308
0.218708
0.014812
0.838739
0.016043
0.005839
0.908093
0.827395
0.851083
0.936681
0.963868
0.536370
0.642686
0.883530
0.781250
0.132288
0.848620
0.546421
0.307529
0.599162
0.108984
0.731295
0.667622
0.179570
0.994388
0.966922
0.495180
0.237676
0.961992
0.852350
0.142285
0.234729
0.197894
0.009340
0.325327
0.017761
0.063819
0.998919
0.934169
0.826999
0.385297
0.766069
0.991395
0.965395
0.494843
0.009490
0.061602
0.462376
0.573418
0.990073
0.191597
0.014100
0.998271
0.947471
0.985151
0.946599
0.963764
0.994156
0.734956
0.028646
0.316529
0.011588
0.951569
0.922688
0.002176
0.016700
0.017929
0.968456
0.400902
0.979048
0.008156
0.880463
0.942984
0.902024
0.765454
0.254055
0.001385
0.937582
0.984586
0.984921
0.252560
0.066399
0.974013
0.184413
0.001120
0.070707
0.985842
0.967965
0.071786
0.161675
0.005069
0.993297
0.064917
0.960589
0.964902
0.233756
0.654249
0.741214
0.635544
0.003772
0.821932
0.468935
0.448863
0.662247
0.931211
0.009937
0.005818
0.009845
0.550035
0.004317
0.155157
0.422561
0.566248
0.976837
0.994868
0.711206
0.982257
0.981475
0.182265
0.115259
0.306070
0.001419
0.102075
0.326335
0.975019
0.910503
0.989550
0.007414
0.009596
0.427396
0.005331
0.336977
0.787232
0.210258
0.007630
0.894304
0.794538
0.997234
0.091249
0.011383
0.517212
0.907727
0.889099
0.227632
0.918290
0.963156
0.882526
0.914131
0.062690
0.014949
0.263686
0.907184
0.925909
0.825202
0.922306
0.998430
0.957523
0.036484
0.995422
0.002795
0.829578
0.965282
0.823444
0.922676
0.465306
0.029507
0.535827
0.015919
0.958431
0.004250
0.126133
0.525558
0.408478
0.993605
0.989632
0.989396
0.929867
0.134131
0.932411
0.001275
0.979886
0.012249
0.994820
0.995000
0.003287
0.137572
0.953702
0.061897
0.003821
0.996713
0.758009
0.780644
0.009408
0.061311
0.044907
0.814375
0.654680
0.964296
0.979722
0.815562
0.003170
0.436516
0.013681
0.961318
0.453074
0.024290
0.336233
0.041405
0.060561
0.026194
0.052160
0.705802
0.995291
0.179729
0.033479
0.939354
0.979678
0.905487
0.610219
0.994880
0.978583
0.991115
0.008264
0.934080
0.961256
0.871946
0.967560
0.016455
0.305268
0.864170
0.616870
0.990264
0.621142
0.990170
0.362602
0.013338
0.491680
0.557884
0.991520
0.005798
0.874820
0.817015
0.289876
0.639973
0.168457
0.991040
0.857907
0.996746
0.022166
0.422283
0.017043
0.964440
0.525216
0.998748
0.657885
0.960619
0.061224
0.060465
0.975016
0.216345
0.916243
0.308355
0.986539
0.149702
0.046649
0.020406
0.768165
0.001135
0.385080
0.990980
0.719315
0.002219
0.674298
0.921226
0.004114
0.382632
0.019738
0.997323
0.661308
0.160830
0.002311
0.520225
0.654838
0.996144
0.997066
0.945830
0.851576
0.366494
0.826658
0.961525
0.857072
0.896100
0.776844
0.090467
0.962851
0.004839
0.032912
0.997354
0.139820
0.592575
0.032696
0.982570
0.528805
0.126956
0.076315
0.699383
0.982445
0.981494
0.016965
0.007536
0.107387
0.239929
0.997446
0.894019
0.093240
0.726654
0.246954
0.002340
0.079591
0.271483
0.854382
0.001869
0.995541
0.328068
0.935224
0.091294
0.994348
0.933856
0.811911
0.002542
0.001824
0.068047
0.033845
0.989627
0.007576
0.670381
0.967375
0.996482
0.491231
0.003751
0.863564
0.046779
0.995442
0.439627
0.924245
0.818760
0.900863
0.014591
0.991796
0.005759
0.017368
0.995028
0.479339
0.557387
0.002722
0.013633
0.630212
0.564073
0.986624
0.001341
0.956723
0.966803
0.964717
0.972212
0.987210
0.986554
0.044179
0.681339
0.980573
0.604830
0.976806
0.015306
0.983524
0.808048
0.026841
0.788815
0.899507
0.344530
0.899545
0.960946
0.009214
0.964596
0.190614
0.008247
0.495640
0.826860
0.396290
0.294775
0.789423
0.923353
0.006949
0.037982
0.027397
0.929466
0.871294
0.980615
0.779676
0.855080
0.996165
0.108308
0.514101
0.001767
0.072296
0.008558
0.001755
0.889653
0.441176
0.699879
0.935973
0.949422
0.034102
0.887405
0.409006
0.233314
0.439272
0.971190
0.016305
0.115252
0.067104
0.094474
0.213651
0.313886
0.801666
0.749002
0.016764
0.726870
0.644829
0.510000
0.977619
0.024364
0.985439
0.002768
0.829247
0.966106
0.141824
0.134088
0.911313
0.853300
0.406681
0.998800
0.304228
0.956811
0.177257
0.433849
0.003533
0.991733
0.724438
0.902960
0.017673
0.995983
0.995942
0.351117
0.995139
0.800337
0.997421
0.935684
0.023059
0.026800
0.240040
0.117011
0.148029
0.015333
0.737145
0.003139
0.973092
0.774424
0.958374
0.024632
0.961270
0.943621
0.867937
0.683455
0.730233
0.015670
0.472108
0.005678
0.756303
0.802053
0.003009
0.914221
0.001292
0.712179
0.030195
0.942379
0.265343
0.697188
0.951403
0.081816
0.807243
0.188820
0.005978
0.012590
0.850549
0.475668
0.964263
0.056570
0.592043
0.167965
0.062072
0.442048
0.497826
0.987387
0.023925
0.996781
0.309484
0.330995
0.835970
0.611350
0.004342
0.959233
0.436896
0.994062
0.944206
0.606642
0.028670
0.910867
0.002445
0.058239
0.023316
0.873018
0.108355
0.978173
0.981905
0.973033
0.972952
0.555756
0.018457
0.883806
0.060652
0.052635
0.994481
0.321496
0.751894
0.654631
0.168820
0.990275
0.867217
0.963788
0.783492
0.307255
0.011562
0.891931
0.737424
0.039106
0.928291
0.028842
0.680176
0.527090
0.978900
0.982041
0.025624
0.069879
0.134497
0.069559
0.964857
0.860137
0.806965
0.989848
0.008648
0.005204
0.371265
0.879006
0.836783
0.614561
0.463968
0.960415
0.947502
0.002153
0.997443
0.997298
0.088068
0.991580
0.001911
0.990996
0.013885
0.271800
0.958351
0.056860
0.031130
0.016739
0.002999
0.186732
0.935353
0.106563
0.788526
0.434936
0.974049
0.125872
0.974861
0.993995
0.141760
0.043424
0.331100
0.076968
0.873585
0.615022
0.007791
0.003609
0.120306
0.136759
0.986604
0.428735
0.031876
0.966784
0.359464
0.561186
0.916253
0.576058
0.981253
0.321700
0.882885
0.573555
0.001282
0.989773
0.018384
0.985075
0.699234
0.913796
0.948107
0.071791
0.032809
0.186023
0.736112
0.006448
0.763890
0.016179
0.996288
0.629480
0.973073
0.304174
0.428577
0.800607
0.877961
0.416381
0.549368
0.685960
0.031347
0.115547
0.989057
0.964664
0.972938
0.178016
0.139791
0.875956
0.906402
0.010960
0.005905
0.850632
0.008426
0.412367
0.856762
0.949642
0.610051
0.131637
0.673967
0.988329
0.919578
0.092123
0.595621
0.919055
0.967989
0.042318
0.977137
0.377397
0.309522
0.137235
0.007915
0.010104
0.953162
0.829158
0.010127
0.810738
0.904358
0.002849
0.975558
0.993004
0.015362
0.622346
0.446940
0.768779
0.114739
0.031264
0.062813
0.995311
0.086943
0.381306
0.915526
0.029637
0.164694
0.509377
0.164169
0.055391
0.972493
0.919411
0.065357
0.971785
0.147768
0.003926
0.884005
0.174280
0.983457
0.510810
0.753770
0.946394
0.994278
0.980784
0.107089
0.270615
0.953205
0.938520
0.061126
0.793569
0.698970
0.826677
0.442344
0.506092
0.544926
0.986518
0.920299
0.803645
0.009873
0.935619
0.179939
0.218566
0.006866
0.937240
0.931025
0.189870
0.988596
0.435262
0.287024
0.995205
0.038746
0.997531
0.307808
0.002398
0.950619
0.293033
0.003014
0.001477
0.094280
0.193936
0.996426
0.628333
0.112636
0.013823
0.711388
0.001155
0.773717
0.900121
0.203611
0.968785
0.885980
0.059203
0.083090
0.166857
0.017144
0.990593
0.215873
0.525513
0.997695
0.100708
0.859124
0.013956
0.174822
0.823295
0.492869
0.116426
0.017486
0.909834
0.957540
0.006772
0.717655
0.995096
0.413353
0.005277
0.649396
0.129065
0.616177
0.746044
0.173343
0.990626
0.818349
0.142202
0.076264
0.902809
0.071598
0.286959
0.030947
0.004059
0.047872
0.988858
0.986957
0.448219
0.030684
0.037517
0.523799
0.009140
0.047266
0.900018
0.005704
0.993693
0.581795
0.683140
0.029783
0.874820
0.178537
0.550555
0.004399
0.001619
0.001244
0.250579
0.998155
0.429227
0.030104
0.241392
0.337982
0.457160
0.899542
0.878464
0.973072
0.190226
0.073742
0.793161
0.833247
0.759209
0.055589
0.150085
0.904044
0.979256
0.109279
0.979461
0.153187
0.002804
0.928585
0.987808
0.992644
0.911813
0.011463
0.985321
0.139636
0.019498
0.029004
0.025975
0.949271
0.964060
0.900533
0.384998
0.164840
0.402263
0.998090
0.968938
0.185362
0.439261
0.888594
0.846843
0.030288
0.004799
0.051121
0.014024
0.004028
0.806535
0.029420
0.340377
0.042969
0.006904
0.120041
0.193930
0.986070
0.994042
0.719222
0.013209
0.278839
0.025357
0.246658
0.250636
0.968385
0.111524
0.912884
0.995251
0.487482
0.992874
0.007541
0.471376
0.882871
0.918707
0.929035
0.991586
0.784566
0.076389
0.779795
0.869839
0.988068
0.990063
0.026311
0.195122
0.279630
0.973867
0.941330
0.013580
0.972639
0.009902
0.051643
0.572737
0.114351
0.852665
0.984933
0.022629
0.844659
0.572658
0.992337
0.859048
0.067573
0.425160
0.012616
0.593376
0.973393
0.106083
0.001333
0.995705
0.477571
0.031946
0.571006
0.676637
0.712277
0.096301
0.959513
0.486601
0.209444
0.972369
0.016133
0.859096
0.985844
0.991621
0.904091
0.096138
0.105865
0.993630
0.535918
0.978434
0.782488
0.998158
0.974300
0.599676
0.654388
0.109922
0.994207
0.018383
0.371670
0.903512
0.022722
0.029631
0.012548
0.012421
0.214916
0.393491
0.894228
0.749883
0.193996
0.010206
0.974159
0.629995
0.107048
0.912360
0.984343
0.050203
0.005205
0.975395
0.260805
0.017047
0.635152
0.226629
0.973118
0.989131
0.004209
0.580472
0.090662
0.776462
0.978442
0.043675
0.972981
0.974792
0.923499
0.734325
0.216547
0.278567
0.789736
0.948422
0.077287
0.888869
0.061106
0.208243
0.996238
0.990000
0.024481
0.962612
0.021269
0.778600
0.967736
0.728890
0.910077
0.023516
0.145943
0.229807
0.118229
0.692345
0.937391
0.974848
0.928480
0.222066
0.152179
0.983291
0.071922
0.768463
0.518850
0.036458
0.842628
0.186113
0.186906
0.926032
0.924887
0.990960
0.668146
0.015701
0.663821
0.989748
0.997465
0.143743
0.588836
0.903573
0.710572
0.811502
0.987035
0.004348
0.209982
0.979654
0.006287
0.027311
0.469834
0.057323
0.856665
0.759816
0.656554
0.029806
0.922436
0.283983
0.005607
0.001407
0.995902
0.984771
0.001146
0.921272
0.099976
0.670496
0.965482
0.959048
0.206442
0.970398
0.904946
0.008546
0.122065
0.204174
0.895418
0.994796
0.836685
0.537872
0.062233
0.450350
0.120541
0.076273
0.072796
0.992431
0.200774
0.964398
0.994357
0.886732
0.950072
0.992722
0.510747
0.783671
0.991084
0.008586
0.032871
0.992812
0.793880
0.777374
0.950733
0.045288
0.891991
0.961233
0.105002
0.830368
0.963761
0.053685
0.963700
0.064277
0.989313
0.498394
0.985415
0.973433
0.983348
0.616503
0.014322
0.084010
0.926497
0.003427
0.037225
0.630359
0.943451
0.001746
0.988549
0.009828
0.252826
0.727438
0.002010
0.020674
0.026006
0.981763
0.912470
0.030530
0.824349
0.707052
0.013697
0.994527
0.010249
0.948823
0.591832
0.111652
0.091400
0.007986
0.831080
0.549983
0.899125
0.981353
0.879529
0.101597
0.665529
0.617401
0.978781
0.978676
0.616961
0.705038
0.076834
0.955490
0.606711
0.882531
0.001254
0.011996
0.990344
0.046478
0.003725
0.995485
0.955704
0.621139
0.993711
0.828259
0.010436
0.037328
0.003543
0.358860
0.841095
0.780460
0.154513
0.067158
0.954832
0.975396
0.076336
0.997410
0.032902
0.002789
0.006571
0.002398
0.995939
0.542685
0.968847
0.171519
0.981698
0.987754
0.962097
0.997801
0.126407
0.937739
0.109210
0.967178
0.382643
0.760608
0.781920
0.105646
0.029535
0.301757
0.886077
0.968320
0.770553
0.044244
0.978968
0.102943
0.220840
0.949171
0.219248
0.908365
0.101509
0.010472
0.165500
0.198435
0.323160
0.060531
0.171916
0.664575
0.273779
0.969320
0.952521
0.978704
0.077496
0.278679
0.004090
0.766083
0.200793
0.990165
0.045537
0.573716
0.898452
0.317064
0.998532
0.859661
0.029630
0.787765
0.017041
0.397858
0.007208
0.002450
0.983984
0.187860
0.020998
0.640105
0.553974
0.012676
0.001292
0.105890
0.973094
0.465438
0.005220
0.005258
0.990577
0.585013
0.990799
0.984560
0.395426
0.016161
0.806908
0.073260
0.841904
0.992716
0.773181
0.150040
0.717728
0.003044
0.994469
0.001946
0.419463
0.951690
0.859236
0.001317
0.996693
0.967953
0.952670
0.359148
0.894650
0.994071
0.964684
0.571190
0.330685
0.004649
0.015697
0.882729
0.100982
0.007078
0.839541
0.953162
0.016427
0.005625
0.845859
0.108951
0.007566
0.821422
0.877434
0.030374
0.057071
0.220034
0.639821
0.004188
0.983353
0.519899
0.725912
0.985835
0.327518
0.459738
0.946851
0.574360
0.870442
0.984483
0.067436
0.006685
0.004264
0.001609
0.861224
0.925942
0.032811
0.718057
0.925157
0.021720
0.769692
0.917709
0.746286
0.898786
0.119619
0.854971
0.296914
0.108849
0.823717
0.964414
0.417939
0.097589
0.093806
0.046410
0.131864
0.114493
0.204064
0.941418
0.972107
0.050482
0.975168
0.341968
0.178398
0.197868
0.005292
0.994969
0.052557
0.049694
0.741879
0.680799
0.984729
0.291258
0.351843
0.840179
0.905752
0.166655
0.351530
0.980071
0.004421
0.842669
0.138992
0.679454
0.036930
0.941873
0.014312
0.206329
0.014656
0.004258
0.227901
0.687487
0.664684
0.659871
0.059588
0.991417
0.934408
0.028070
0.964239
0.888171
0.038542
0.955356
0.396183
0.222457
0.033326
0.956153
0.752981
0.967502
0.003230
0.884382
0.498377
0.992404
0.008812
0.001842
0.942868
0.106510
0.734528
0.489748
0.970302
0.349034
0.997858
0.990943
0.991598
0.977440
0.001772
0.003124
0.376878
0.110000
0.029881
0.090169
0.520470
0.111332
0.012330
0.894152
0.077621
0.032336
0.235754
0.330880
0.100055
0.002828
0.997682
0.001562
0.780751
0.081602
0.886086
0.085439
0.008224
0.347435
0.321674
0.059501
0.001546
0.145046
0.789909
0.454929
0.673797
0.029480
0.962362
0.019644
0.945298
0.433224
0.496625
0.579545
0.996088
0.838303
0.975304
0.384886
0.994597
0.991400
0.016502
0.977191
0.987280
0.368625
0.934815
0.007137
0.959635
0.968814
0.062510
0.812467
0.966071
0.811325
0.001858
0.777829
0.992804
0.861135
0.461879
0.035443
0.006474
0.591955
0.072513
0.019829
0.451348
0.014689
0.940359
0.977976
0.009318
0.918439
0.990449
0.109881
0.687653
0.514718
0.916714
0.998184
0.995427
0.030107
0.195129
0.711545
0.997705
0.918009
0.987699
0.001261
0.937045
0.587363
0.025210
0.966830
0.030792
0.939396
0.828959
0.879914
0.982938
0.036780
0.323720
0.962163
0.013919
0.387654
0.012418
0.984171
0.732420
0.873703
0.358253
0.873008
0.473678
0.969135
0.004443
0.055065
0.986937
0.746307
0.526283
0.187714
0.776449
0.089273
0.912604
0.995103
0.049385
0.058479
0.976865
0.935319
0.146998
0.976398
0.032969
0.019364
0.665753
0.994339
0.358188
0.993865
0.966571
0.987648
0.572810
0.658420
0.994861
0.011779
0.935983
0.343100
0.001183
0.003022
0.320544
0.698447
0.895378
0.976159
0.918182
0.020949
0.215540
0.163931
0.416939
0.193103
0.993191
0.003937
0.925907
0.895624
0.050870
0.275624
0.021101
0.995563
0.989052
0.104153
0.971810
0.001906
0.947255
0.002722
0.668960
0.264019
0.978441
0.050754
0.997930
0.941515
0.175125
0.990611
0.177880
0.017806
0.016398
0.985963
0.009865
0.988593
0.728131
0.348596
0.935888
0.802767
0.003601
0.015175
0.989907
0.993116
0.344365
0.001373
0.986542
0.028427
0.073204
0.099474
0.607754
0.660003
0.587718
0.001981
0.104460
0.736589
0.741550
0.671188
0.968992
0.997821
0.062952
0.012341
0.057947
0.350597
0.987000
0.970339
0.838708
0.997441
0.042830
0.998327
0.222036
0.656848
0.998873
0.025288
0.002320
0.639943
0.952520
0.891039
0.997140
0.561171
0.986736
0.218889
0.038498
0.938922
0.921453
0.025915
0.899930
0.184047
0.040074
0.004316
0.521834
0.012882
0.981631
0.963513
0.228266
0.932807
0.148564
0.137242
0.988654
0.952411
0.981812
0.428021
0.210359
0.794701
0.805190
0.090088
0.894430
0.001313
0.887524
0.066811
0.015433
0.251216
0.582384
0.917536
0.057362
0.005646
0.890480
0.953760
0.756239
0.448145
0.265431
0.004030
0.232897
0.004404
0.981373
0.003310
0.996040
0.077258
0.278678
0.419528
0.988186
0.165872
0.987066
0.243016
0.117238
0.967835
0.850735
0.547888
0.516321
0.927529
0.089349
0.324596
0.006856
0.974787
0.436810
0.011813
0.972984
0.277881
0.932325
0.899742
0.991621
0.623510
0.052960
0.674883
0.056343
0.216298
0.031894
0.996985
0.491887
0.203610
0.446903
0.009658
0.003137
0.002629
0.751103
0.972535
0.984394
0.002147
0.994632
0.034051
0.975852
0.855556
0.062375
0.001210
0.636551
0.004776
0.077770
0.976229
0.035420
0.387529
0.016087
0.001361
0.490899
0.937798
0.092375
0.967416
0.036775
0.455644
0.862714
0.019578
0.901636
0.046901
0.980830
0.931947
0.007767
0.973433
0.976224
0.242933
0.027857
0.002872
0.011114
0.341725
0.116758
0.127698
0.996503
0.335715
0.983606
0.189235
0.965621
0.821559
0.042112
0.071749
0.996014
0.992519
0.240676
0.530799
0.118845
0.794241
0.973421
0.847356
0.200105
0.299948
0.979468
0.870949
0.768846
0.201078
0.938042
0.856155
0.325743
0.299241
0.912608
0.698436
0.772352
0.954504
0.180615
0.929052
0.831742
0.927167
0.081810
0.081115
0.760430
0.365579
0.996956
0.021047
0.016866
0.185861
0.022205
0.206225
0.993706
0.003237
0.970991
0.778296
0.994909
0.065956
0.973075
0.946959
0.470964
0.059836
0.030757
0.908537
0.001464
0.985845
0.002075
0.988060
0.946871
0.003399
0.100145
0.846076
0.998358
0.951848
0.933251
0.961724
0.361757
0.132987
0.986844
0.031620
0.090274
0.179941
0.370156
0.976150
0.454392
0.137623
0.373132
0.804261
0.830542
0.943999
0.010623
0.994371
0.527413
0.647446
0.249312
0.003327
0.694432
0.933021
0.982081
0.078334
0.992004
0.372757
0.214846
0.442831
0.756438
0.015657
0.254560
0.956231
0.946856
0.997424
0.915037
0.043103
0.775939
0.493486
0.012392
0.987475
0.995660
0.268599
0.947732
0.197304
0.340991
0.797107
0.537430
0.058333
0.965170
0.281150
0.700611
0.971953
0.222180
0.931753
0.377508
0.367391
0.026350
0.282457
0.039125
0.080375
0.676874
0.007689
0.997602
0.919085
0.016518
0.005947
0.334224
0.947898
0.634697
0.914738
0.004606
0.671544
0.169497
0.830989
0.929396
0.142784
0.422393
0.045032
0.274266
0.013977
0.842908
0.005950
0.850635
0.247338
0.704490
0.857308
0.986595
0.855375
0.333652
0.015998
0.059084
0.565184
0.824594
0.974655
0.954190
0.579312
0.246084
0.506761
0.152181
0.969191
0.942513
0.030114
0.935378
0.997317
0.816527
0.024773
0.944529
0.743472
0.031854
0.973227
0.992995
0.500734
0.932024
0.955013
0.996694
0.844253
0.913907
0.116692
0.492096
0.092428
0.324161
0.786181
0.950975
0.606166
0.594941
0.020382
0.454303
0.979583
0.939980
0.065676
0.389784
0.358891
0.988995
0.004770
0.850817
0.996223
0.154031
0.657990
0.808370
0.666460
0.383510
0.387156
0.943191
0.993963
0.064685
0.160270
0.283165
0.084341
0.887706
0.009237
0.996634
0.580800
0.088554
0.790278
0.992855
0.715879
0.252114
0.969808
0.225056
0.093922
0.041874
0.980264
0.737846
0.013772
0.978043
0.976122
0.084347
0.974118
0.032443
0.519820
0.944198
0.997733
0.093408
0.232428
0.769540
0.681602
0.396473
0.349336
0.051881
0.941341
0.961115
0.003244
0.228696
0.493910
0.060603
0.997335
0.893442
0.026493
0.087291
0.804296
0.274179
0.982403
0.620679
0.984901
0.986878
0.001955
0.363472
0.322296
0.442270
0.898728
0.793396
0.013139
0.622024
0.862475
0.249270
0.185376
0.050332
0.135375
0.006279
0.023347
0.543800
0.660819
0.001713
0.996492
0.004575
0.823723
0.009371
0.047848
0.397625
0.063873
0.046793
0.007939
0.165968
0.157169
0.022230
0.005388
0.005580
0.423353
0.007377
0.193606
0.004287
0.274662
0.123782
0.847150
0.100458
0.558991
0.692235
0.003848
0.225692
0.997031
0.200094
0.233105
0.076848
0.986560
0.981586
0.987224
0.942524
0.100617
0.342605
0.024349
0.011688
0.108324
0.204105
0.994735
0.979094
0.873952
0.003869
0.005889
0.956618
0.006013
0.226295
0.763747
0.985868
0.988186
0.576493
0.634663
0.996239
0.132847
0.008582
0.002469
0.987963
0.939783
0.970319
0.845692
0.856494
0.955120
0.968281
0.149560
0.018759
0.311498
0.838036
0.981034
0.956764
0.802429
0.996844
0.989036
0.058192
0.130653
0.020542
0.430740
0.572191
0.936706
0.978008
0.520096
0.255459
0.605823
0.609449
0.990110
0.336616
0.003788
0.957270
0.002792
0.891796
0.901859
0.965184
0.988191
0.889442
0.775387
0.003881
0.990906
0.101053
0.835275
0.118345
0.038947
0.935725
0.608124
0.957163
0.052280
0.996031
0.910946
0.009193
0.098438
0.977616
0.994075
0.493456
0.956233
0.102763
0.132435
0.993013
0.954961
0.447612
0.875662
0.989217
0.337879
0.007193
0.226250
0.211013
0.997881
0.002088
0.587815
0.957688
0.984601
0.199136
0.973895
0.024092
0.040949
0.968414
0.462808
0.073791
0.157781
0.759196
0.009597
0.488455
0.982709
0.989667
0.093177
0.025038
0.989552
0.988073
0.730280
0.922045
0.109033
0.316370
0.610805
0.592747
0.085656
0.593541
0.707706
0.894778
0.629800
0.993334
0.520920
0.985777
0.739756
0.010871
0.977983
0.117338
0.132731
0.462304
0.765388
0.977819
0.973753
0.363616
0.027790
0.986582
0.870598
0.194275
0.978034
0.795977
0.834699
0.901025
0.965985
0.996458
0.002210
0.053509
0.063474
0.934294
0.015914
0.362523
0.296553
0.372471
0.045209
0.986210
0.775135
0.933248
0.942011
0.067234
0.819770
0.801774
0.975023
0.176569
0.940060
0.407577
0.135506
0.898636
0.085385
0.015245
0.742481
0.983350
0.820082
0.732408
0.833624
0.016253
0.673614
0.160930
0.603050
0.003554
0.450606
0.036949
0.010923
0.094044
0.342624
0.029713
0.007319
0.069495
0.046662
0.011813
0.694963
0.278239
0.816910
0.963680
0.998616
0.046235
0.067881
0.947416
0.523509
0.520850
0.002065
0.373835
0.650969
0.540591
0.005837
0.021548
0.604995
0.988480
0.678135
0.313997
0.976446
0.832995
0.460312
0.046165
0.019511
0.379945
0.003274
0.165304
0.832705
0.109303
0.939063
0.335000
0.989654
0.642004
0.012890
0.863858
0.005168
0.979701
0.265877
0.988772
0.814230
0.009048
0.990931
0.002787
0.080839
0.575270
0.530537
0.955994
0.838616
0.813608
0.010913
0.011725
0.976820
0.122128
0.820908
0.949680
0.862659
0.427893
0.224486
0.006087
0.110012
0.042340
0.187019
0.062228
0.008760
0.117619
0.385524
0.071002
0.028622
0.912988
0.323697
0.931661
0.008796
0.834096
0.024108
0.814934
0.028506
0.131064
0.187584
0.062144
0.043681
0.984971
0.009376
0.994895
0.450071
0.494223
0.744552
0.006013
0.992307
0.831306
0.897991
0.935233
0.634857
0.160566
0.039450
0.044579
0.994929
0.828758
0.034519
0.955157
0.461525
0.231347
0.008382
0.758355
0.010543
0.106836
0.001408
0.949324
0.260872
0.100507
0.294998
0.893526
0.116669
0.935432
0.919023
0.248731
0.983729
0.629232
0.301497
0.148641
0.934313
0.023147
0.768045
0.495053
0.001847
0.990971
0.596554
0.957765
0.954281
0.064470
0.550092
0.971685
0.189685
0.007314
0.923996
0.190555
0.007878
0.052956
0.249152
0.654845
0.048473
0.810411
0.995937
0.950337
0.009156
0.305289
0.392624
0.985575
0.213632
0.177269
0.733880
0.868742
0.997788
0.695848
0.994426
0.166102
0.846278
0.978160
0.896585
0.796316
0.553957
0.995174
0.781032
0.885375
0.894836
0.042902
0.016880
0.722422
0.994918
0.820063
0.959374
0.017482
0.004314
0.818160
0.581852
0.028917
0.076801
0.045834
0.907912
0.735528
0.598513
0.727032
0.002779
0.444915
0.738593
0.720187
0.003286
0.062150
0.970218
0.977950
0.972012
0.990406
0.898881
0.065427
0.391266
0.980703
0.002706
0.939607
0.998502
0.035189
0.230638
0.994068
0.910772
0.323570
0.581333
0.893792
0.976254
0.964459
0.429554
0.989311
0.332244
0.002099
0.034092
0.013587
0.001353
0.365989
0.013336
0.013112
0.620759
0.793551
0.618852
0.223469
0.357578
0.054347
0.792766
0.033394
0.795921
0.987794
0.251084
0.981182
0.075528
0.098272
0.008309
0.005927
0.950776
0.977918
0.967292
0.966857
0.917340
0.335058
0.963915
0.978228
0.723035
0.959901
0.297286
0.287724
0.633872
0.853405
0.972807
0.591824
0.060273
0.008943
0.687008
0.068734
0.010171
0.283797
0.368391
0.663746
0.717679
0.815038
0.930798
0.970620
0.939618
0.331317
0.629448
0.974862
0.480128
0.218089
0.442238
0.390865
0.055338
0.849851
0.991133
0.995042
0.834228
0.353253
0.014664
0.666598
0.917969
0.098175
0.984520
0.941427
0.033578
0.176329
0.824654
0.390279
0.539879
0.876912
0.944935
0.474482
0.993262
0.578182
0.867646
0.928801
0.997173
0.137381
0.936824
0.030996
0.188901
0.002987
0.025958
0.560838
0.950471
0.062364
0.001880
0.420476
0.338481
0.768145
0.002745
0.953228
0.927613
0.944568
0.650737
0.214080
0.983072
0.011327
0.187307
0.965827
0.311382
0.974237
0.862025
0.948050
0.988624
0.505095
0.616677
0.022433
0.051055
0.012859
0.047202
0.994384
0.059554
0.954397
0.002989
0.988021
0.264119
0.005464
0.445956
0.055039
0.643712
0.709149
0.965505
0.941376
0.081917
0.267113
0.738843
0.626794
0.462891
0.954378
0.010940
0.986885
0.033493
0.975073
0.044709
0.996032
0.042731
0.935154
0.031667
0.057831
0.942066
0.815916
0.546953
0.014429
0.003909
0.761824
0.312373
0.985501
0.002971
0.996708
0.368487
0.342817
0.777166
0.996917
0.545696
0.004285
0.365903
0.907550
0.458534
0.415473
0.168277
0.131266
0.852326
0.703451
0.929729
0.528816
0.085783
0.993580
0.521987
0.443680
0.937747
0.011855
0.942463
0.031781
0.987060
0.030490
0.846956
0.066207
0.343349
0.833464
0.909601
0.991506
0.994077
0.007133
0.010306
0.546061
0.718286
0.537343
0.996411
0.013750
0.821638
0.096378
0.846819
0.404240
0.054529
0.996979
0.791078
0.923751
0.936959
0.966292
0.017124
0.796449
0.919420
0.372868
0.467988
0.995024
0.959431
0.777242
0.009549
0.711342
0.346633
0.679428
0.986871
0.848107
0.869222
0.039620
0.043488
0.910985
0.075485
0.482296
0.347696
0.989790
0.085516
0.169644
0.002886
0.003178
0.032434
0.760512
0.790885
0.997658
0.002279
0.004200
0.987889
0.073128
0.131273
0.651911
0.994404
0.133458
0.820122
0.969835
0.010752
0.164369
0.162720
0.956407
0.010006
0.219002
0.137332
0.913275
0.613523
0.964801
0.253845
0.936237
0.996790
0.762112
0.190595
0.987552
0.978954
0.535378
0.996032
0.858977
0.080613
0.526042
0.586638
0.715402
0.149973
0.933083
0.120383
0.993074
0.281611
0.019263
0.988322
0.960622
0.720070
0.014040
0.694418
0.854202
0.522989
0.976473
0.920321
0.063964
0.090155
0.910790
0.817410
0.001164
0.336903
0.066029
0.008623
0.011617
0.827017
0.022962
0.958546
0.355751
0.719222
0.223725
0.998219
0.004233
0.970253
0.986694
0.025421
0.716413
0.826928
0.199087
0.717213
0.745876
0.007298
0.996600
0.703369
0.912197
0.483938
0.835884
0.765959
0.512190
0.978353
0.107256
0.668621
0.983427
0.072781
0.972921
0.923451
0.958433
0.945638
0.870366
0.686771
0.774378
0.996550
0.997581
0.009915
0.901430
0.002112
0.987816
0.861992
0.415740
0.939047
0.037428
0.992518
0.958831
0.934362
0.070759
0.001391
0.438125
0.044654
0.075321
0.185456
0.469030
0.659592
0.974111
0.961140
0.544319
0.964455
0.966608
0.996373
0.011541
0.069681
0.012440
0.995065
0.001625
0.975601
0.804757
0.664482
0.998437
0.751897
0.748478
0.006926
0.075976
0.043411
0.117039
0.012116
0.559914
0.132299
0.489912
0.728295
0.531640
0.365577
0.975108
0.976924
0.876133
0.004218
0.074712
0.262415
0.029097
0.993354
0.947081
0.020803
0.237037
0.026063
0.991556
0.869584
0.002488
0.257070
0.169363
0.550242
0.586369
0.686082
0.005370
0.470334
0.315434
0.932515
0.961675
0.973180
0.924714
0.772095
0.957056
0.026372
0.718325
0.973074
0.936473
0.879990
0.991895
0.051716
0.002128
0.262893
0.080396
0.992760
0.096447
0.987176
0.988049
0.021402
0.487795
0.960375
0.001253
0.019760
0.002022
0.899912
0.872284
0.588774
0.022086
0.799280
0.173499
0.590485
0.056987
0.977672
0.786328
0.822198
0.030979
0.136625
0.671168
0.985762
0.554482
0.271869
0.013698
0.957560
0.762566
0.017742
0.993663
0.952965
0.810229
0.904369
0.176347
0.991828
0.904054
0.639840
0.019224
0.949830
0.643904
0.004445
0.031956
0.001550
0.295973
0.067122
0.026701
0.268043
0.205859
0.203128
0.144275
0.164959
0.359090
0.962097
0.005309
0.693555
0.608436
0.484863
0.028204
0.478311
0.848883
0.460710
0.676396
0.931527
0.009084
0.001460
0.980044
0.871125
0.048963
0.930004
0.388833
0.942415
0.269254
0.811968
0.977970
0.011336
0.915288
0.990028
0.214642
0.009108
0.005065
0.971025
0.815636
0.018182
0.042807
0.350053
0.417349
0.336381
0.997138
0.362644
0.996757
0.115343
0.974431
0.046426
0.044250
0.212050
0.994009
0.891810
0.878560
0.792814
0.071224
0.430274
0.946876
0.992188
0.990279
0.182865
0.995753
0.072349
0.005369
0.599795
0.003846
0.987014
0.008694
0.120320
0.018682
0.941272
0.980355
0.003393
0.983199
0.002341
0.993733
0.080211
0.158412
0.006100
0.853497
0.926482
0.053318
0.628887
0.998978
0.052486
0.008071
0.837147
0.783730
0.006068
0.361392
0.890049
0.977694
0.994540
0.941394
0.992861
0.969904
0.050435
0.829793
0.989592
0.006225
0.984150
0.926306
0.224605
0.582931
0.893312
0.991548
0.378549
0.025887
0.253049
0.087402
0.994293
0.002770
0.369548
0.014437
0.988460
0.864137
0.842245
0.991007
0.004852
0.782181
0.018004
0.002623
0.039286
0.035744
0.992573
0.972599
0.334909
0.945496
0.004123
0.032148
0.082535
0.131538
0.968047
0.012737
0.030463
0.018209
0.116521
0.670221
0.697908
0.005841
0.996512
0.945529
0.005182
0.686233
0.015794
0.935524
0.918476
0.034873
0.399480
0.075259
0.993345
0.091642
0.108454
0.274387
0.648984
0.989337
0.880305
0.005994
0.071891
0.683972
0.964429
0.817984
0.679085
0.007592
0.301148
0.957087
0.001518
0.001844
0.095080
0.008614
0.021603
0.133278
0.621170
0.813507
0.384233
0.982512
0.046717
0.688918
0.631365
0.431918
0.002398
0.992030
0.673862
0.522329
0.832208
0.991731
0.931154
0.114612
0.053242
0.952692
0.985970
0.057340
0.010319
0.072165
0.542411
0.487956
0.878402
0.985045
0.980237
0.129373
0.602796
0.088694
0.791335
0.007856
0.652048
0.196423
0.003762
0.961523
0.003775
0.002396
0.001221
0.889494
0.384129
0.570803
0.451143
0.959550
0.976796
0.844947
0.091713
0.018890
0.311154
0.718481
0.657159
0.003307
0.218460
0.021062
0.007140
0.536277
0.054818
0.810860
0.994027
0.979238
0.791306
0.990621
0.561459
0.991762
0.026065
0.563222
0.107211
0.004231
0.045866
0.984185
0.720840
0.983154
0.965151
0.005438
0.959466
0.188363
0.797226
0.108395
0.324390
0.348324
0.905777
0.966692
0.002928
0.987975
0.977782
0.017731
0.984418
0.022063
0.518983
0.252071
0.082972
0.257142
0.867334
0.711729
0.834411
0.017221
0.779047
0.018056
0.226505
0.974822
0.763500
0.958302
0.892012
0.008079
0.271998
0.410010
0.020826
0.933248
0.718137
0.009002
0.001379
0.034014
0.954879
0.724868
0.089511
0.996668
0.314185
0.001940
0.017356
0.028941
0.006252
0.476901
0.456574
0.017253
0.534413
0.718664
0.855431
0.975672
0.018586
0.130512
0.986910
0.051649
0.812150
0.004442
0.089942
0.725205
0.218631
0.209485
0.976795
0.257968
0.293979
0.009844
0.751445
0.017929
0.996920
0.997446
0.011402
0.654390
0.366778
0.899205
0.736817
0.519874
0.010240
0.312815
0.068897
0.759883
0.258546
0.016154
0.001590
0.074353
0.924145
0.278313
0.830915
0.542559
0.442264
0.027305
0.963222
0.787398
0.560120
0.603215
0.994684
0.735751
0.841609
0.085997
0.990694
0.914032
0.945552
0.992500
0.006382
0.002048
0.855381
0.774400
0.964987
0.993897
0.943035
0.923747
0.010935
0.176232
0.977752
0.151389
0.058343
0.980690
0.002210
0.091151
0.004703
0.864369
0.864372
0.996274
0.989087
0.873396
0.060595
0.082309
0.746514
0.989173
0.079680
0.039158
0.061849
0.920090
0.063126
0.221953
0.061377
0.045919
0.258364
0.926213
0.178773
0.003975
0.346379
0.019750
0.261980
0.004308
0.894388
0.976586
0.001262
0.538888
0.017602
0.007403
0.052380
0.104049
0.679003
0.815463
0.990384
0.991050
0.018392
0.882376
0.119013
0.210436
0.118679
0.900954
0.288221
0.004079
0.050052
0.922841
0.055004
0.960491
0.197447
0.547075
0.997060
0.002164
0.250880
0.815569
0.983273
0.006586
0.001295
0.979853
0.023852
0.146560
0.939538
0.003069
0.403281
0.176811
0.965704
0.924903
0.948291
0.021670
0.880118
0.994521
0.845167
0.416056
0.434597
0.015163
0.819753
0.997922
0.386221
0.794895
0.968194
0.011455
0.037223
0.944988
0.006531
0.964507
0.092683
0.878998
0.001514
0.004798
0.817101
0.006668
0.933559
0.334599
0.166165
0.363859
0.045518
0.996684
0.085783
0.707428
0.001271
0.815758
0.003968
0.996863
0.041147
0.523083
0.002994
0.391411
0.957187
0.285489
0.368260
0.016974
0.860674
0.997972
0.405302
0.593079
0.998345
0.835157
0.215532
0.022291
0.021397
0.977994
0.985718
0.427742
0.087283
0.008837
0.995725
0.976358
0.001959
0.088152
0.898244
0.795107
0.001243
0.062259
0.037432
0.970349
0.410264
0.007117
0.883905
0.996991
0.799238
0.829550
0.041181
0.996035
0.574394
0.700606
0.092537
0.981868
0.089928
0.926943
0.926948
0.752019
0.313759
0.161599
0.923472
0.865249
0.709201
0.011149
0.165684
0.041812
0.984064
0.723763
0.006452
0.071634
0.003298
0.293147
0.995425
0.993506
0.782245
0.011408
0.076575
0.997705
0.945173
0.002855
0.863371
0.869071
0.838041
0.109737
0.745739
0.375836
0.801660
0.068238
0.997407
0.621163
0.673488
0.372765
0.594056
0.506750
0.012123
0.011388
0.993476
0.986633
0.779403
0.975222
0.818409
0.050049
0.581410
0.064895
0.003453
0.892522
0.012574
0.009804
0.893444
0.884678
0.007143
0.732927
0.050075
0.150132
0.016768
0.547593
0.992118
0.835249
0.437025
0.982679
0.005247
0.967080
0.615759
0.002644
0.337739
0.110588
0.047839
0.975924
0.003617
0.958491
0.899173
0.548699
0.236479
0.265535
0.997389
0.343034
0.184110
0.919747
0.962854
0.287403
0.095961
0.978059
0.393577
0.035724
0.055235
0.630498
0.996380
0.019654
0.394804
0.189784
0.208930
0.988444
0.012594
0.952135
0.442949
0.970272
0.449117
0.009561
0.064291
0.036933
0.073056
0.970801
0.870002
0.995136
0.805722
0.611583
0.986003
0.159075
0.974097
0.003526
0.002932
0.372872
0.257978
0.157456
0.003333
0.004037
0.991077
0.095521
0.994233
0.095944
0.279897
0.001281
0.935691
0.376811
0.908697
0.583916
0.004144
0.841578
0.595699
0.025011
0.970009
0.997744
0.690881
0.015985
0.322008
0.015262
0.363505
0.462467
0.162332
0.008627
0.426580
0.002502
0.852114
0.980728
0.890695
0.713545
0.246071
0.011775
0.530174
0.960337
0.005535
0.844229
0.548123
0.724535
0.574676
0.931339
0.942050
0.998468
0.656754
0.013116
0.645391
0.987896
0.003895
0.250804
0.022416
0.322770
0.800217
0.016976
0.944611
0.889861
0.138395
0.686124
0.001796
0.071905
0.131277
0.993869
0.898580
0.885994
0.824845
0.288407
0.722995
0.622640
0.221948
0.016206
0.963163
0.762522
0.012209
0.024563
0.005499
0.017116
0.087301
0.034133
0.088620
0.994353
0.920992
0.012324
0.235401
0.709172
0.993961
0.856557
0.994114
0.945152
0.799513
0.369343
0.287276
0.991790
0.017008
0.920661
0.031680
0.957707
0.016379
0.238635
0.882091
0.991238
0.649906
0.005046
0.984429
0.984056
0.857961
0.019311
0.918469
0.930576
0.992053
0.012083
0.005398
0.997877
0.934116
0.002606
0.066789
0.001852
0.364191
0.002536
0.993544
0.020305
0.645770
0.998905
0.985909
0.643081
0.751938
0.981277
0.965776
0.945309
0.879113
0.550374
0.984828
0.005104
0.042016
0.970126
0.176184
0.040038
0.090053
0.073179
0.995088
0.903607
0.054350
0.122973
0.995849
0.002826
0.096551
0.730990
0.976852
0.977215
0.986998
0.994295
0.563781
0.248144
0.004642
0.488898
0.300960
0.020492
0.046461
0.926918
0.006475
0.770305
0.219867
0.914367
0.010190
0.311134
0.054408
0.004387
0.750269
0.996829
0.998190
0.287427
0.052591
0.981099
0.095430
0.199380
0.002301
0.004637
0.954583
0.903928
0.297301
0.980606
0.825725
0.761427
0.018223
0.017349
0.003064
0.978486
0.995054
0.679736
0.005382
0.013285
0.006479
0.770579
0.015930
0.992178
0.321386
0.678916
0.804697
0.189206
0.323374
0.642181
0.837639
0.005001
0.957276
0.994793
0.033078
0.156294
0.076869
0.008003
0.251190
0.918352
0.767807
0.032195
0.003282
0.720711
0.935115
0.404173
0.009485
0.875158
0.916002
0.969947
0.147852
0.002141
0.037052
0.932336
0.996780
0.891500
0.197122
0.631255
0.966082
0.781548
0.928375
0.015382
0.262339
0.583398
0.996772
0.997334
0.795956
0.099397
0.997018
0.846231
0.969033
0.267412
0.023162
0.970955
0.495988
0.391392
0.005506
0.967030
0.009899
0.844355
0.208771
0.007825
0.001178
0.013279
0.009142
0.982908
0.980837
0.278408
0.185806
0.013965
0.663502
0.109974
0.009486
0.056016
0.068419
0.989575
0.003884
0.973873
0.972014
0.025468
0.005887
0.021272
0.961964
0.962358
0.045976
0.064282
0.137861
0.030678
0.903669
0.857774
0.909123
0.993328
0.027212
0.017240
0.998045
0.112892
0.643909
0.357016
0.008293
0.715844
0.238473
0.087508
0.997196
0.758330
0.357260
0.016719
0.040143
0.784148
0.227842
0.374645
0.038985
0.681273
0.977689
0.250437
0.995401
0.029861
0.002330
0.944500
0.078613
0.005055
0.995491
0.018771
0.343878
0.104417
0.998554
0.523614
0.196285
0.210041
0.990258
0.024969
0.759473
0.673946
0.956953
0.953951
0.134986
0.975555
0.725280
0.082563
0.009520
0.784982
0.985550
0.943603
0.428707
0.004201
0.450772
0.108721
0.147379
0.988459
0.058177
0.012096
0.910031
0.009974
0.424083
0.993890
0.997837
0.047099
0.987134
0.042999
0.962897
0.124037
0.044264
0.963088
0.995487
0.013509
0.004666
0.977233
0.008285
0.989192
0.977692
0.922522
0.890765
0.002058
0.160852
0.929945
0.004885
0.911368
0.362321
0.961914
0.957034
0.423302
0.416356
0.109190
0.178872
0.024023
0.076076
0.996329
0.502327
0.049286
0.989229
0.978355
0.083840
0.001909
0.937004
0.991025
0.004384
0.385234
0.981993
0.988296
0.941539
0.579456
0.005552
0.005308
0.060589
0.931604
0.723449
0.001696
0.991014
0.874799
0.671268
0.926803
0.501098
0.998647
0.981715
0.432642
0.074859
0.173088
0.003318
0.880042
0.195774
0.227014
0.099345
0.934052
0.982148
0.609938
0.029777
0.062983
0.026217
0.985228
0.535809
0.951505
0.432521
0.990640
0.011379
0.200571
0.001291
0.035343
0.127570
0.022585
0.001969
0.037190
0.861643
0.534431
0.042916
0.789079
0.710248
0.744377
0.073643
0.969764
0.030950
0.791645
0.950404
0.977572
0.980666
0.977856
0.928139
0.863005
0.040854
0.084898
0.993071
0.004916
0.834268
0.363320
0.178564
0.003723
0.995700
0.447112
0.930658
0.873950
0.027457
0.011197
0.074162
0.024626
0.972635
0.935953
0.029985
0.148332
0.736105
0.936704
0.448271
0.001199
0.010119
0.995153
0.277948
0.737253
0.993102
0.017726
0.116412
0.732747
0.404596
0.458913
0.081095
0.006497
0.047414
0.939538
0.989328
0.109378
0.707483
0.991764
0.003909
0.063622
0.121910
0.003940
0.991734
0.069822
0.004914
0.001319
0.114691
0.005991
0.416578
0.895546
0.356181
0.516937
0.986056
0.157595
0.001283
0.119739
0.004661
0.868087
0.724668
0.583761
0.064311
0.643584
0.993304
0.539439
0.917570
0.987232
0.865212
0.778707
0.881259
0.981361
0.874146
0.184550
0.952875
0.965898
0.069320
0.159538
0.474754
0.428726
0.668200
0.976883
0.947800
0.795197
0.023421
0.873857
0.008886
0.841581
0.431323
0.228451
0.315964
0.480894
0.627942
0.242464
0.995005
0.389386
0.962530
0.516388
0.218665
0.030947
0.009612
0.953639
0.562504
0.038562
0.997959
0.254556
0.395562
0.769056
0.051442
0.957295
0.935667
0.521802
0.209979
0.308273
0.781598
0.982144
0.996750
0.948120
0.526262
0.322372
0.731886
0.002692
0.276995
0.998219
0.008926
0.288797
0.984150
0.175291
0.936246
0.015347
0.028190
0.047071
0.567617
0.081471
0.114677
0.008395
0.501407
0.016448
0.007240
0.003872
0.993110
0.997363
0.126981
0.015436
0.407700
0.216782
0.921820
0.589751
0.150091
0.093445
0.234156
0.106848
0.012702
0.316295
0.998882
0.991961
0.995600
0.230717
0.028502
0.533746
0.755211
0.952199
0.554633
0.079664
0.859117
0.880148
0.016894
0.125228
0.992133
0.323615
0.994853
0.366902
0.775484
0.278674
0.871862
0.811679
0.020774
0.624936
0.050324
0.975681
0.306182
0.020539
0.903238
0.002180
0.974780
0.685776
0.011166
0.214603
0.122666
0.131377
0.981827
0.373275
0.004728
0.959893
0.003855
0.349147
0.998060
0.082321
0.995749
0.665464
0.829821
0.974348
0.273368
0.690027
0.883276
0.157594
0.984908
0.666683
0.312538
0.025334
0.009706
0.994528
0.753784
0.003939
0.971528
0.785289
0.901241
0.031969
0.757690
0.003573
0.029337
0.731345
0.025283
0.681742
0.011130
0.949137
0.319183
0.905479
0.001963
0.712455
0.932405
0.958728
0.253329
0.078552
0.009405
0.989902
0.079129
0.959873
0.256029
0.960503
0.134652
0.091463
0.123023
0.989278
0.601626
0.304754
0.071488
0.607989
0.006709
0.987748
0.784875
0.004025
0.001556
0.242826
0.002626
0.817116
0.009065
0.384050
0.002227
0.667332
0.681169
0.036953
0.060853
0.611767
0.994328
0.966355
0.006338
0.633499
0.237146
0.515142
0.312566
0.994741
0.463247
0.005347
0.954455
0.218129
0.998081
0.279050
0.512993
0.760102
0.994534
0.198349
0.148923
0.499659
0.006224
0.141112
0.883275
0.905173
0.656711
0.034410
0.966900
0.239618
0.679549
0.100315
0.957954
0.467217
0.995981
0.851930
0.642570
0.249575
0.047783
0.983277
0.003545
0.906569
0.411100
0.992088
0.045335
0.024214
0.974230
0.630049
0.985210
0.971624
0.969075
0.932896
0.679206
0.350017
0.010046
0.016171
0.078646
0.940379
0.005019
0.316393
0.045183
0.282955
0.924831
0.010565
0.021760
0.938871
0.018101
0.002490
0.001469
0.003645
0.327400
0.341494
0.871566
0.914963
0.149084
0.003249
0.234534
0.075252
0.983376
0.612120
0.969034
0.973545
0.995114
0.022149
0.931978
0.893731
0.043998
0.818739
0.814412
0.975988
0.007387
0.008513
0.004946
0.001933
0.067713
0.531192
0.954475
0.074299
0.499161
0.761018
0.925866
0.956078
0.025929
0.811479
0.802254
0.743041
0.051015
0.961715
0.341656
0.926588
0.981975
0.002703
0.968162
0.902890
0.257561
0.147828
0.979187
0.112356
0.782287
0.093104
0.981349
0.947517
0.032791
0.565924
0.008280
0.889990
0.996650
0.315619
0.728772
0.682151
0.982817
0.066979
0.484396
0.921433
0.991463
0.844028
0.979000
0.306839
0.018579
0.927331
0.905779
0.010740
0.369970
0.975531
0.031654
0.060686
0.978204
0.877986
0.985867
0.959000
0.902001
0.666203
0.001249
0.987269
0.993833
0.988820
0.012975
0.908990
0.932841
0.575019
0.006853
0.059814
0.005550
0.017880
0.969342
0.008485
0.959790
0.056462
0.004617
0.251124
0.002003
0.306550
0.009975
0.723714
0.454918
0.965066
0.123923
0.006939
0.988617
0.987096
0.005807
0.978703
0.003345
0.993878
0.095465
0.996199
0.948782
0.917542
0.008713
0.119517
0.136172
0.201643
0.282788
0.982964
0.667047
0.048550
0.993728
0.020507
0.005988
0.671624
0.208613
0.004950
0.256179
0.958372
0.727925
0.997600
0.011273
0.965238
0.723272
0.996994
0.119449
0.981621
0.990311
0.868152
0.621988
0.829071
0.896878
0.753769
0.526250
0.009865
0.994440
0.624036
0.879698
0.002547
0.038480
0.996550
0.981094
0.899495
0.935417
0.015504
0.858301
0.072634
0.984481
0.578626
0.960099
0.192159
0.952227
0.874242
0.585708
0.021957
0.897859
0.945941
0.002011
0.010748
0.477562
0.144013
0.074809
0.230746
0.947884
0.708396
0.902675
0.008310
0.985533
0.996496
0.315390
0.982977
0.258777
0.160844
0.069578
0.777387
0.828112
0.260264
0.986154
0.730979
0.015189
0.181540
0.459639
0.087961
0.976714
0.066891
0.105477
0.382179
0.520436
0.958281
0.143031
0.720867
0.131541
0.702941
0.044390
0.930036
0.192214
0.086850
0.813345
0.056325
0.919048
0.425260
0.001409
0.138854
0.936590
0.093863
0.113135
0.874710
0.188928
0.406738
0.960214
0.002747
0.199530
0.016743
0.075440
0.821653
0.663030
0.970565
0.929569
0.671262
0.926119
0.072218
0.024861
0.013873
0.119149
0.169657
0.078666
0.922737
0.811809
0.018726
0.912584
0.002945
0.931397
0.002051
0.983434
0.883737
0.847553
0.629257
0.971314
0.961836
0.001243
0.132068
0.737202
0.053798
0.038566
0.938439
0.946481
0.919461
0.826113
0.017125
0.002759
0.230860
0.527986
0.005098
0.606264
0.009921
0.051276
0.659259
0.927543
0.940870
0.695874
0.001618
0.239620
0.365793
0.748312
0.259993
0.042214
0.830286
0.383954
0.014507
0.995357
0.951130
0.986379
0.953600
0.624965
0.001243
0.010092
0.964947
0.030451
0.001761
0.994156
0.927159
0.204248
0.475490
0.713932
0.561414
0.051892
0.374372
0.935602
0.670041
0.964923
0.947843
0.987198
0.844129
0.107391
0.814375
0.003893
0.971209
0.980185
0.887244
0.981226
0.711999
0.005284
0.190276
0.994111
0.242339
0.965919
0.035911
0.008155
0.981729
0.920304
0.051703
0.890570
0.986563
0.097116
0.514166
0.348219
0.998201
0.977481
0.717898
0.218363
0.024518
0.002571
0.005134
0.175208
0.137492
0.049299
0.539083
0.978666
0.013391
0.158089
0.972924
0.082630
0.974196
0.020882
0.943616
0.993014
0.723728
0.097299
0.090621
0.002260
0.792515
0.952624
0.013534
0.003556
0.552957
0.054824
0.003621
0.958769
0.976237
0.050500
0.023359
0.977884
0.012878
0.003603
0.976084
0.028746
0.003867
0.578044
0.559299
0.986631
0.734348
0.105135
0.708964
0.997570
0.002204
0.815056
0.161140
0.001610
0.355952
0.127687
0.972735
0.006783
0.002011
0.031022
0.762808
0.165062
0.998504
0.059565
0.981859
0.384406
0.040631
0.455152
0.014181
0.862369
0.269370
0.337857
0.344303
0.026834
0.047573
0.253026
0.457912
0.799142
0.052196
0.001946
0.970518
0.961346
0.936168
0.987163
0.015690
0.417892
0.437260
0.605170
0.921557
0.984049
0.062377
0.595654
0.984009
0.368580
0.032077
0.008805
0.565793
0.957996
0.745353
0.970633
0.944390
0.143391
0.995142
0.944554
0.993441
0.182326
0.930625
0.996873
0.991558
0.010273
0.023175
0.910519
0.484687
0.025333
0.020285
0.020521
0.026338
0.006135
0.050304
0.998906
0.988118
0.963303
0.788079
0.996326
0.196288
0.525826
0.462360
0.278107
0.005333
0.458061
0.814146
0.991586
0.337646
0.993483
0.935243
0.172098
0.003246
0.149308
0.001205
0.984230
0.067138
0.001928
0.467237
0.049236
0.469561
0.063018
0.921890
0.937412
0.033269
0.974863
0.010716
0.534918
0.995620
0.294213
0.025412
0.981206
0.928372
0.230762
0.614457
0.953865
0.073739
0.076142
0.039122
0.810230
0.736245
0.959292
0.132753
0.997804
0.007378
0.881250
0.018746
0.995622
0.863156
0.992854
0.088990
0.946206
0.953185
0.994865
0.004016
0.222831
0.857451
0.076449
0.677090
0.202026
0.432050
0.054081
0.963427
0.012277
0.939715
0.818088
0.797103
0.003730
0.080845
0.709823
0.003574
0.138327
0.908421
0.972922
0.350671
0.967175
0.201795
0.991507
0.297717
0.791182
0.547327
0.226511
0.056966
0.937776
0.020660
0.996726
0.896673
0.001744
0.035905
0.924392
0.002966
0.471976
0.422275
0.229072
0.521065
0.934822
0.982570
0.143447
0.877444
0.005937
0.983556
0.662506
0.895923
0.106759
0.623550
0.644037
0.012873
0.600029
0.178045
0.962758
0.985257
0.065298
0.852666
0.357248
0.060128
0.289116
0.143052
0.473906
0.033302
0.672307
0.134442
0.106953
0.155625
0.929142
0.853921
0.991778
0.528872
0.581132
0.981504
0.700656
0.186714
0.961447
0.773736
0.107909
0.007563
0.134748
0.949797
0.779000
0.951441
0.357504
0.992762
0.051217
0.103649
0.981703
0.566402
0.029055
0.418635
0.086752
0.760194
0.433057
0.974145
0.019669
0.691500
0.997691
0.049531
0.996710
0.006685
0.145366
0.082252
0.065733
0.955956
0.011089
0.058929
0.991059
0.042657
0.707086
0.977262
0.010624
0.976240
0.954692
0.732211
0.930389
0.444255
0.982497
0.010169
0.820069
0.155292
0.004094
0.871457
0.140332
0.231933
0.561249
0.717299
0.350163
0.982405
0.003775
0.678568
0.927359
0.526669
0.962915
0.004367
0.989731
0.025804
0.101798
0.101460
0.983645
0.010577
0.009152
0.082224
0.875418
0.885764
0.685997
0.023161
0.261030
0.966619
0.799837
0.041696
0.050286
0.979038
0.378021
0.082381
0.803133
0.536206
0.004827
0.994414
0.012536
0.989218
0.003603
0.140138
0.045508
0.957866
0.351740
0.010989
0.873733
0.987817
0.011035
0.004532
0.862870
0.998180
0.624555
0.926016
0.572619
0.248496
0.008465
0.090538
0.987215
0.990711
0.676989
0.096444
0.020277
0.397682
0.482293
0.097561
0.911269
0.003395
0.931338
0.920420
0.007846
0.040777
0.983996
0.201682
0.003366
0.058456
0.974922
0.695073
0.544793
0.102667
0.015525
0.459888
0.976887
0.725592
0.994554
0.006978
0.896374
0.952584
0.931954
0.986570
0.015214
0.987618
0.003514
0.010753
0.535877
0.139154
0.959281
0.019133
0.859536
0.354419
0.408429
0.097185
0.859587
0.128097
0.004596
0.247669
0.996635
0.780946
0.060507
0.260684
0.077858
0.204995
0.685658
0.423450
0.993973
0.923231
0.209779
0.992324
0.052512
0.268305
0.978760
0.714089
0.961536
0.757462
0.772025
0.058225
0.942286
0.698738
0.686634
0.757009
0.044731
0.200376
0.088981
0.349437
0.021287
0.899134
0.482342
0.128169
0.712105
0.019200
0.986590
0.015552
0.044762
0.892482
0.269099
0.731165
0.242120
0.998031
0.811921
0.994361
0.824217
0.939490
0.726661
0.002577
0.990585
0.031442
0.862906
0.912077
0.905060
0.020892
0.263065
0.634084
0.947156
0.086910
0.845053
0.003767
0.997101
0.646985
0.002962
0.614915
0.006425
0.910376
0.382547
0.963175
0.626162
0.264954
0.025916
0.928971
0.204693
0.379447
0.237590
0.276130
0.225579
0.018189
0.002097
0.977377
0.966128
0.714145
0.534800
0.981673
0.030491
0.110698
0.016690
0.017504
0.947056
0.220526
0.012864
0.059437
0.221849
0.958435
0.940116
0.254543
0.970540
0.827761
0.022202
0.954182
0.702166
0.896636
0.984562
0.016140
0.633623
0.746019
0.833315
0.876739
0.673246
0.020746
0.002413
0.918419
0.223406
0.196280
0.912403
0.014356
0.908860
0.872509
0.973529
0.006644
0.018964
0.012282
0.122761
0.680444
0.361947
0.010015
0.040838
0.589421
0.734855
0.954269
0.015720
0.981087
0.090385
0.013866
0.966904
0.954677
0.002303
0.216714
0.826424
0.998283
0.745218
0.871464
0.004183
0.139094
0.908228
0.254714
0.343189
0.205529
0.069206
0.156496
0.021878
0.976139
0.331885
0.736216
0.043045
0.747027
0.006057
0.964471
0.970849
0.890134
0.590645
0.964449
0.950047
0.652489
0.537126
0.245974
0.994404
0.009500
0.001549
0.991317
0.987000
0.963978
0.624029
0.003765
0.675391
0.113144
0.488406
0.616810
0.002744
0.991548
0.030837
0.568175
0.005101
0.952938
0.988241
0.472100
0.997960
0.945070
0.012579
0.299453
0.039381
0.025957
0.108495
0.901611
0.877695
0.010972
0.005894
0.991964
0.959090
0.445365
0.820455
0.911078
0.044917
0.204017
0.076354
0.991692
0.696884
0.990064
0.124479
0.984001
0.887991
0.064386
0.009559
0.709478
0.947609
0.860821
0.922531
0.114921
0.885328
0.956065
0.023154
0.730406
0.630274
0.928580
0.995124
0.989010
0.298441
0.363965
0.098421
0.642989
0.032842
0.936575
0.004329
0.857918
0.002536
0.016367
0.018636
0.450654
0.837791
0.338422
0.126244
0.002533
0.963154
0.829024
0.474030
0.103032
0.348978
0.004978
0.094320
0.305188
0.229050
0.240066
0.234090
0.955226
0.719706
0.105825
0.004114
0.879882
0.823637
0.245142
0.993253
0.001577
0.130484
0.017342
0.491729
0.593561
0.931431
0.002804
0.078475
0.048700
0.927612
0.150644
0.971954
0.084076
0.990548
0.370036
0.274507
0.887618
0.037276
0.609909
0.136936
0.149004
0.530421
0.115105
0.001997
0.246586
0.014213
0.038484
0.812042
0.223807
0.112351
0.015060
0.983171
0.532659
0.683590
0.515823
0.984458
0.643136
0.386878
0.474411
0.323147
0.474852
0.489596
0.002217
0.487402
0.001469
0.029074
0.778288
0.082968
0.281298
0.899202
0.108960
0.959973
0.486112
0.994527
0.086688
0.918472
0.990423
0.505902
0.028723
0.998672
0.013525
0.133990
0.925302
0.355961
0.096037
0.969995
0.002933
0.636414
0.947946
0.240018
0.068865
0.624070
0.002697
0.998302
0.778435
0.239006
0.918274
0.985383
0.780428
0.025713
0.984217
0.974132
0.927671
0.098462
0.990681
0.988338
0.003055
0.966598
0.521103
0.006178
0.909073
0.079934
0.015207
0.043634
0.991739
0.848364
0.688420
0.627460
0.645313
0.199555
0.902025
0.966421
0.016375
0.273443
0.786884
0.936483
0.783086
0.916870
0.996104
0.128052
0.001232
0.001433
0.057691
0.023510
0.002091
0.953461
0.057215
0.627798
0.965564
0.042561
0.929307
0.970321
0.985272
0.164912
0.590578
0.732452
0.494651
0.901307
0.004749
0.128852
0.990480
0.920447
0.510445
0.009025
0.450854
0.749320
0.115814
0.919738
0.708418
0.087713
0.532631
0.007459
0.367089
0.896130
0.978550
0.288530
0.300617
0.114737
0.709885
0.084308
0.004387
0.016398
0.934004
0.289192
0.978070
0.366879
0.114614
0.990262
0.027877
0.015095
0.039367
0.843389
0.487970
0.025336
0.010486
0.842432
0.254398
0.005239
0.959415
0.001148
0.280349
0.813871
0.116115
0.979622
0.872975
0.017259
0.546807
0.638154
0.187322
0.806552
0.769897
0.031365
0.017747
0.985375
0.778086
0.094710
0.994398
0.986295
0.036787
0.239003
0.185042
0.400947
0.052542
0.936835
0.003954
0.353133
0.114538
0.007892
0.879954
0.318347
0.033321
0.988527
0.456386
0.865917
0.382508
0.965367
0.040761
0.052860
0.429220
0.980256
0.077451
0.022771
0.982367
0.969262
0.009956
0.344495
0.964152
0.894841
0.631122
0.021560
0.954630
0.933467
0.454441
0.015973
0.838111
0.003889
0.006174
0.992194
0.144840
0.139126
0.722290
0.994435
0.951531
0.605107
0.964426
0.243613
0.992442
0.854273
0.918420
0.155472
0.996996
0.002412
0.008109
0.433141
0.794427
0.982527
0.891399
0.899057
0.935815
0.746739
0.699873
0.386531
0.913001
0.997332
0.985707
0.857560
0.008060
0.870463
0.989156
0.982970
0.978934
0.811959
0.233480
0.913071
0.254055
0.135761
0.135351
0.041821
0.529902
0.585529
0.990371
0.222712
0.009658
0.027469
0.927339
0.996285
0.565991
0.975494
0.020528
0.015063
0.080798
0.145364
0.543601
0.846545
0.851716
0.226031
0.105043
0.001165
0.515295
0.881494
0.020714
0.425947
0.996281
0.754471
0.997853
0.882405
0.992252
0.948826
0.066454
0.486968
0.149100
0.195041
0.946780
0.160699
0.849445
0.795694
0.326631
0.874623
0.994410
0.980359
0.985019
0.159014
0.988682
0.216135
0.031815
0.865073
0.363689
0.001257
0.957343
0.175685
0.101886
0.130529
0.929819
0.010778
0.864594
0.006350
0.771218
0.008426
0.874351
0.033983
0.728594
0.922982
0.825938
0.218900
0.009048
0.160950
0.039460
0.969049
0.033696
0.008150
0.019763
0.024127
0.165265
0.956943
0.137938
0.055075
0.996730
0.008875
0.028361
0.061620
0.665107
0.835101
0.497496
0.102203
0.167361
0.070273
0.052368
0.390862
0.211956
0.380414
0.986629
0.054527
0.991999
0.143152
0.017317
0.002323
0.806932
0.992211
0.021642
0.047517
0.401474
0.235421
0.001384
0.532273
0.989052
0.976919
0.698649
0.003837
0.196341
0.031771
0.987457
0.003560
0.003286
0.682671
0.768329
0.060787
0.912844
0.995689
0.081719
0.453945
0.577252
0.033794
0.006117
0.911366
0.396172
0.998341
0.001665
0.976256
0.025240
0.016435
0.371295
0.078404
0.369524
0.989599
0.985037
0.897046
0.029194
0.708997
0.388529
0.009875
0.979753
0.250462
0.328816
0.983092
0.993351
0.978900
0.885816
0.955976
0.924122
0.024013
0.008901
0.318960
0.950358
0.990603
0.070607
0.182607
0.956797
0.985841
0.983127
0.715520
0.276215
0.992798
0.002198
0.203146
0.179302
0.750416
0.026854
0.977415
0.036004
0.837208
0.301777
0.052598
0.002490
0.776866
0.012600
0.098248
0.851341
0.749435
0.903530
0.022347
0.893576
0.583621
0.997928
0.054127
0.976210
0.199461
0.843565
0.058147
0.713199
0.523166
0.002173
0.954246
0.888193
0.432883
0.612239
0.874891
0.341663
0.607927
0.003274
0.989849
0.238093
0.992521
0.909543
0.893811
0.029096
0.006306
0.015307
0.993557
0.058547
0.993940
0.900940
0.943866
0.102218
0.471141
0.976316
0.386805
0.443345
0.035850
0.962746
0.041299
0.537047
0.996187
0.041751
0.933358
0.796382
0.569370
0.904786
0.979686
0.997067
0.831366
0.985972
0.950208
0.977386
0.794698
0.115869
0.479655
0.246569
0.166560
0.042208
0.993631
0.098828
0.573325
0.058169
0.442316
0.068831
0.931909
0.997037
0.735345
0.022476
0.859214
0.270873
0.895473
0.977166
0.393262
0.246649
0.970971
0.012049
0.004678
0.984132
0.092497
0.004511
0.901098
0.025406
0.789577
0.064295
0.335956
0.048702
0.541168
0.934232
0.027864
0.008501
0.154688
0.088794
0.949717
0.985727
0.145324
0.083810
0.018854
0.994760
0.001691
0.737838
0.915800
0.466023
0.145373
0.030735
0.010582
0.972720
0.989334
0.995465
0.268776
0.062078
0.350230
0.272659
0.672865
0.474601
0.340975
0.981736
0.973368
0.007693
0.798504
0.926368
0.481206
0.995521
0.985504
0.150289
0.994649
0.723764
0.097368
0.938784
0.637338
0.157053
0.139550
0.007144
0.590000
0.721801
0.993652
0.965311
0.913395
0.935895
0.256706
0.052484
0.950240
0.531677
0.979238
0.111017
0.995651
0.987061
0.909728
0.916140
0.618938
0.009748
0.032923
0.556660
0.786633
0.083124
0.593909
0.039808
0.834538
0.005270
0.010602
0.570968
0.011946
0.386642
0.195828
0.137631
0.021982
0.060369
0.330978
0.972079
0.157632
0.979829
0.034005
0.012672
0.038351
0.890275
0.445691
0.215692
0.617316
0.007622
0.059223
0.032634
0.724832
0.992661
0.815466
0.263863
0.001378
0.478422
0.847057
0.005932
0.917146
0.011907
0.916552
0.037972
0.960788
0.963780
0.883363
0.321643
0.874242
0.545038
0.267030
0.206819
0.771920
0.217717
0.957227
0.012988
0.902176
0.973833
0.014828
0.012418
0.340736
0.700712
0.642988
0.983337
0.980544
0.915911
0.037268
0.993090
0.542456
0.987795
0.977152
0.003438
0.406757
0.839110
0.989055
0.017004
0.589195
0.961202
0.952306
0.057601
0.020155
0.323302
0.461164
0.985948
0.013778
0.818451
0.648606
0.552843
0.025746
0.962170
0.006504
0.942519
0.467204
0.240864
0.470179
0.003327
0.251265
0.014307
0.909516
0.807324
0.421057
0.767051
0.059012
0.009713
0.982001
0.998441
0.399018
0.058066
0.996996
0.997809
0.670662
0.985222
0.026133
0.005103
0.014941
0.628561
0.647549
0.856305
0.047010
0.756211
0.974976
0.990791
0.147503
0.543689
0.029603
0.012858
0.498200
0.734426
0.995826
0.105208
0.316842
0.967394
0.895526
0.856317
0.988007
0.031277
0.008651
0.005758
0.002139
0.935304
0.066454
0.995595
0.988232
0.541106
0.433731
0.268057
0.960807
0.802694
0.110593
0.924713
0.004225
0.239710
0.046471
0.841458
0.128906
0.913196
0.038200
0.077952
0.952067
0.170084
0.891997
0.574172
0.117526
0.369061
0.035213
0.158734
0.004044
0.086381
0.995728
0.041574
0.989250
0.969841
0.023734
0.017597
0.496469
0.506253
0.970305
0.169336
0.248824
0.761814
0.972167
0.061288
0.979129
0.038185
0.528504
0.226383
0.950057
0.888964
0.415322
0.991962
0.019589
0.734126
0.022885
0.837507
0.988252
0.970036
0.086377
0.025301
0.185825
0.171981
0.820606
0.762871
0.552267
0.003182
0.134763
0.038050
0.022190
0.994784
0.009007
0.987691
0.704376
0.973828
0.929985
0.218516
0.983479
0.053128
0.593325
0.030340
0.853521
0.391566
0.178716
0.907619
0.138167
0.347816
0.944669
0.926528
0.896533
0.001315
0.029220
0.009343
0.907671
0.966611
0.934159
0.011503
0.027019
0.085250
0.060342
0.015312
0.747013
0.787888
0.353415
0.933157
0.007083
0.410718
0.131622
0.304701
0.008035
0.144844
0.963561
0.968483
0.299207
0.043894
0.955127
0.148663
0.910081
0.650252
0.667937
0.845166
0.025781
0.172356
0.972762
0.633824
0.867229
0.185978
0.134885
0.904653
0.399591
0.921978
0.977522
0.105020
0.994592
0.993420
0.990948
0.931926
0.137419
0.008323
0.405212
0.003243
0.975394
0.008243
0.076862
0.193229
0.909837
0.277699
0.987639
0.847234
0.191396
0.987329
0.429974
0.641297
0.879524
0.008350
0.375113
0.964398
0.040572
0.982519
0.975389
0.045506
0.273197
0.691399
0.507659
0.924964
0.034010
0.996815
0.998085
0.181719
0.863307
0.048858
0.384153
0.076603
0.996100
0.386952
0.009799
0.008995
0.595419
0.002243
0.218949
0.923543
0.156658
0.206277
0.186472
0.957825
0.966610
0.589715
0.571661
0.788242
0.072359
0.018904
0.004680
0.990875
0.980865
0.091029
0.025111
0.991634
0.998134
0.977288
0.003874
0.048860
0.532605
0.056351
0.076748
0.624729
0.011750
0.436003
0.722825
0.192302
0.958550
0.157762
0.998391
0.648154
0.176742
0.611990
0.993840
0.002996
0.987510
0.008246
0.002767
0.061179
0.345512
0.974203
0.022938
0.001573
0.610585
0.732412
0.686026
0.098443
0.981428
0.949526
0.993096
0.952471
0.024750
0.285350
0.964257
0.967879
0.996280
0.145255
0.015580
0.861517
0.001539
0.048578
0.639968
0.482439
0.793536
0.994459
0.082889
0.196300
0.989322
0.955723
0.096276
0.985255
0.145970
0.985977
0.624603
0.991822
0.568909
0.401081
0.108580
0.975853
0.912279
0.001803
0.132689
0.026141
0.077378
0.048990
0.035342
0.026919
0.002701
0.101183
0.977087
0.290644
0.378872
0.862443
0.810801
0.987212
0.927584
0.712922
0.979296
0.359151
0.393731
0.837117
0.057109
0.979588
0.002135
0.754852
0.626831
0.207065
0.395744
0.305958
0.829786
0.990899
0.062366
0.890196
0.142939
0.300612
0.281918
0.992564
0.945741
0.982347
0.371614
0.062583
0.008776
0.602885
0.992631
0.002300
0.011527
0.006441
0.953893
0.603650
0.962979
0.992030
0.959639
0.939842
0.987455
0.993037
0.017439
0.547461
0.924200
0.561771
0.953057
0.828046
0.604025
0.878664
0.280094
0.013679
0.767478
0.899105
0.961429
0.001260
0.020797
0.946296
0.440772
0.951423
0.809537
0.924120
0.989130
0.983044
0.098471
0.995563
0.979635
0.417788
0.553066
0.997753
0.104214
0.017038
0.176255
0.638703
0.888277
0.731806
0.032016
0.942207
0.780919
0.087444
0.141351
0.030041
0.986869
0.636311
0.006090
0.418635
0.033744
0.993790
0.046484
0.997059
0.750469
0.525558
0.359460
0.630856
0.260306
0.004402
0.648146
0.854262
0.670924
0.981751
0.236816
0.973429
0.886473
0.218591
0.163801
0.033207
0.209663
0.119943
0.056264
0.118239
0.958246
0.276269
0.957929
0.978819
0.864327
0.024733
0.175348
0.011729
0.101279
0.750359
0.013873
0.011100
0.884061
0.997869
0.010127
0.002446
0.405663
0.798791
0.952100
0.988913
0.011677
0.977532
0.037509
0.010351
0.004663
0.001723
0.312687
0.119420
0.011256
0.542208
0.997510
0.982943
0.992215
0.071833
0.981322
0.996171
0.328733
0.957616
0.006006
0.492982
0.895871
0.002763
0.941771
0.855258
0.027656
0.037364
0.060738
0.923700
0.994510
0.019863
0.996275
0.754659
0.989262
0.825375
0.979612
0.190423
0.682973
0.004946
0.354081
0.045499
0.983776
0.004673
0.983895
0.942520
0.895846
0.893081
0.555393
0.705413
0.016434
0.868616
0.311294
0.774900
0.301335
0.996368
0.405089
0.384639
0.994234
0.921631
0.006382
0.221534
0.174875
0.395009
0.568200
0.026030
0.326199
0.603602
0.202183
0.003793
0.788353
0.792637
0.971788
0.384892
0.861570
0.437897
0.130116
0.946051
0.995278
0.861140
0.005424
0.986902
0.475268
0.130887
0.535235
0.920853
0.954485
0.563706
0.011725
0.298683
0.912809
0.827035
0.944992
0.820972
0.258910
0.382190
0.004735
0.004452
0.196916
0.982095
0.280925
0.154780
0.843549
0.017331
0.036987
0.148100
0.912725
0.996315
0.739941
0.887855
0.147638
0.022328
0.301706
0.049888
0.932332
0.607407
0.859819
0.979725
0.163585
0.001417
0.977207
0.748817
0.004920
0.002029
0.030563
0.733046
0.588751
0.007393
0.977175
0.582564
0.025477
0.936768
0.034517
0.993429
0.037946
0.651818
0.016480
0.018572
0.966979
0.531173
0.016614
0.143677
0.002800
0.017744
0.004656
0.621187
0.989316
0.805475
0.081728
0.111718
0.952360
0.997460
0.998221
0.192076
0.478398
0.001155
0.444726
0.001425
0.978400
0.979491
0.319309
0.892958
0.789343
0.966565
0.072955
0.996782
0.982953
0.029738
0.542014
0.035299
0.488477
0.783445
0.986534
0.015278
0.886993
0.992252
0.173652
0.229804
0.035679
0.892037
0.665796
0.824401
0.995784
0.326922
0.865227
0.004867
0.920384
0.004924
0.644559
0.015156
0.092555
0.108249
0.979677
0.986048
0.134165
0.997800
0.119820
0.902008
0.202483
0.882967
0.047500
0.995598
0.020192
0.610992
0.019695
0.155966
0.385884
0.592165
0.007027
0.677160
0.949448
0.154721
0.224721
0.654055
0.518610
0.996386
0.394902
0.590655
0.911828
0.985605
0.953507
0.010877
0.285283
0.749175
0.167963
0.680741
0.840834
0.935752
0.747815
0.947701
0.599548
0.975224
0.665355
0.172293
0.107830
0.952892
0.518886
0.127698
0.018777
0.996045
0.043303
0.991652
0.813852
0.961112
0.010736
0.923458
0.803178
0.070435
0.201868
0.885908
0.959157
0.982714
0.033873
0.024029
0.011238
0.003198
0.030916
0.942855
0.929589
0.512441
0.209153
0.898119
0.786682
0.101651
0.996216
0.440884
0.025187
0.007281
0.017358
0.287221
0.280669
0.656471
0.876979
0.493316
0.967992
0.985539
0.004787
0.505495
0.002614
0.295914
0.176519
0.995024
0.250807
0.029759
0.010344
0.954430
0.023826
0.609592
0.845607
0.020707
0.058565
0.962986
0.361588
0.002417
0.031442
0.996159
0.024599
0.861011
0.308709
0.992467
0.969754
0.318118
0.998384
0.995275
0.897695
0.260025
0.122663
0.997253
0.389674
0.848064
0.230540
0.972502
0.862584
0.016126
0.493495
0.005809
0.003713
0.032858
0.667048
0.926111
0.869717
0.270377
0.623186
0.001333
0.809295
0.039065
0.272440
0.010151
0.609352
0.799513
0.365946
0.646199
0.942758
0.279115
0.696877
0.003387
0.025723
0.934688
0.885003
0.974072
0.007256
0.994311
0.044335
0.057036
0.002941
0.926791
0.986087
0.916184
0.990808
0.904150
0.913932
0.003673
0.014610
0.985412
0.051399
0.010169
0.459445
0.055601
0.002504
0.497173
0.009237
0.889952
0.525399
0.803889
0.987614
0.424458
0.285267
0.500850
0.037387
0.950602
0.064726
0.098798
0.974787
0.856664
0.997139
0.332036
0.483772
0.085374
0.061933
0.009918
0.071544
0.001626
0.040902
0.892778
0.070997
0.993777
0.005449
0.981355
0.077486
0.996952
0.646551
0.710028
0.654041
0.271241
0.127201
0.976102
0.073397
0.017427
0.247109
0.915805
0.995426
0.895477
0.968817
0.779002
0.132213
0.857693
0.990673
0.166945
0.280314
0.001416
0.339443
0.038588
0.903659
0.911890
0.966752
0.318743
0.560003
0.799479
0.483846
0.018712
0.864396
0.001708
0.208825
0.847505
0.008394
0.005619
0.986558
0.835099
0.097140
0.992813
0.021532
0.063086
0.958599
0.162805
0.996337
0.677840
0.615868
0.284649
0.533800
0.002631
0.003587
0.950357
0.002661
0.926556
0.925286
0.499646
0.133932
0.533746
0.993096
0.097872
0.003759
0.018643
0.971413
0.002968
0.147694
0.993369
0.037947
0.902259
0.492452
0.878620
0.005721
0.630588
0.911485
0.974380
0.773143
0.376338
0.149429
0.983577
0.032251
0.509832
0.933194
0.005306
0.813369
0.007363
0.619510
0.727879
0.712360
0.509686
0.006171
0.522677
0.968273
0.843559
0.156803
0.635445
0.122155
0.824588
0.841302
0.117043
0.823604
0.039431
0.111830
0.990105
0.003247
0.900693
0.816558
0.107202
0.980283
0.096624
0.883679
0.971281
0.155179
0.183167
0.251159
0.976988
0.787619
0.983517
0.292829
0.005746
0.321700
0.906285
0.887404
0.945802
0.008097
0.979118
0.032553
0.802054
0.356080
0.483186
0.837557
0.222616
0.399185
0.962949
0.027076
0.986141
0.841924
0.102057
0.058560
0.072662
0.687849
0.366738
0.996998
0.078228
0.877180
0.983225
0.083548
0.553690
0.079383
0.471820
0.953221
0.998212
0.068896
0.972981
0.007990
0.110279
0.010074
0.043711
0.050362
0.060909
0.808230
0.938120
0.323736
0.006526
0.886079
0.117010
0.996853
0.567436
0.021800
0.929774
0.980439
0.925854
0.978852
0.568379
0.829973
0.002619
0.462376
0.677288
0.077911
0.990960
0.885885
0.007550
0.955796
0.078468
0.985430
0.982002
0.997888
0.001190
0.208156
0.349706
0.280016
0.007714
0.822668
0.966244
0.956059
0.960138
0.012828
0.044434
0.895318
0.074917
0.895253
0.173455
0.744365
0.993437
0.963195
0.995626
0.005741
0.604281
0.214458
0.982236
0.902368
0.747199
0.879215
0.486677
0.994723
0.017848
0.177154
0.252836
0.993988
0.757180
0.945962
0.170277
0.010419
0.538047
0.793997
0.001685
0.494450
0.015618
0.820683
0.027377
0.005934
0.493386
0.731752
0.900174
0.906399
0.007819
0.023361
0.835830
0.191862
0.011122
0.010212
0.133783
0.992157
0.201235
0.004939
0.949841
0.896176
0.059723
0.300869
0.726215
0.815433
0.095400
0.070342
0.910635
0.743396
0.005533
0.993187
0.911251
0.031795
0.966941
0.007653
0.162568
0.334904
0.001531
0.889774
0.991963
0.923553
0.024872
0.968527
0.245333
0.002714
0.743741
0.968195
0.929033
0.202228
0.011225
0.997638
0.070776
0.628110
0.853605
0.005830
0.859482
0.009131
0.001985
0.138108
0.959643
0.388020
0.006171
0.998247
0.180488
0.005175
0.980251
0.864684
0.975652
0.861744
0.983315
0.657310
0.932117
0.004360
0.962020
0.670066
0.716425
0.103221
0.013517
0.839427
0.147187
0.969111
0.451134
0.103875
0.842255
0.779016
0.009218
0.921963
0.945797
0.088951
0.984163
0.865765
0.945501
0.224453
0.175598
0.666160
0.965254
0.004362
0.801974
0.264464
0.387170
0.965782
0.467553
0.435263
0.681956
0.001352
0.340567
0.058974
0.924420
0.995139
0.101991
0.016265
0.995831
0.953737
0.652857
0.252258
0.977764
0.061211
0.008354
0.982201
0.942070
0.493667
0.894877
0.744768
0.977507
0.989507
0.036093
0.796472
0.983125
0.971264
0.377176
0.301960
0.895943
0.918353
0.203004
0.934676
0.375324
0.981926
0.326692
0.260280
0.505854
0.556487
0.159493
0.727370
0.053214
0.814310
0.786084
0.026912
0.125707
0.016655
0.705232
0.087592
0.377689
0.869551
0.029949
0.980471
0.926498
0.976377
0.872400
0.442070
0.718853
0.961394
0.891603
0.993162
0.901555
0.558651
0.983513
0.880677
0.687359
0.346813
0.201988
0.998442
0.513399
0.143608
0.933741
0.992501
0.408882
0.183820
0.011759
0.980502
0.175355
0.911469
0.414543
0.425475
0.144798
0.002985
0.806999
0.073071
0.989479
0.291530
0.961171
0.507273
0.019018
0.555708
0.361868
0.176242
0.995029
0.005582
0.859627
0.988098
0.343650
0.936217
0.717505
0.877957
0.987546
0.022394
0.907513
0.993116
0.961024
0.831011
0.025605
0.981173
0.739576
0.039466
0.019367
0.041195
0.821325
0.390473
0.002687
0.645061
0.939827
0.037885
0.842002
0.862001
0.654695
0.734164
0.561240
0.996810
0.440536
0.006906
0.565962
0.984764
0.978065
0.015446
0.985463
0.772128
0.848386
0.003771
0.917097
0.403976
0.822751
0.790471
0.842791
0.295140
0.983281
0.992872
0.861979
0.100460
0.029070
0.002203
0.152691
0.940520
0.856772
0.236589
0.004271
0.002608
0.113893
0.060886
0.095812
0.986428
0.026781
0.045071
0.061229
0.800222
0.969498
0.113400
0.100389
0.125222
0.978581
0.377251
0.552131
0.443450
0.894307
0.144686
0.455092
0.908985
0.006366
0.024445
0.483638
0.877705
0.959209
0.997829
0.326306
0.833069
0.658205
0.011823
0.006097
0.980022
0.017432
0.374340
0.427739
0.005316
0.970942
0.546014
0.735548
0.972286
0.002880
0.967415
0.996043
0.293850
0.987170
0.253780
0.511309
0.603048
0.624168
0.003359
0.996017
0.649761
0.645347
0.987807
0.111625
0.047939
0.002944
0.501492
0.421963
0.360602
0.988411
0.978890
0.593688
0.216322
0.015352
0.021726
0.004139
0.028438
0.467366
0.984780
0.624885
0.386555
0.695081
0.039017
0.550637
0.933685
0.021047
0.602841
0.534710
0.818832
0.962535
0.006383
0.006067
0.929047
0.005017
0.765426
0.265246
0.783330
0.123357
0.017024
0.775830
0.998310
0.441976
0.987867
0.934585
0.978195
0.982108
0.850691
0.032991
0.095031
0.998481
0.074850
0.991281
0.857312
0.025952
0.811543
0.633593
0.935482
0.020117
0.549772
0.804361
0.017210
0.949207
0.997135
0.992216
0.997681
0.510226
0.036808
0.921095
0.113040
0.998357
0.987576
0.860171
0.165704
0.902308
0.154894
0.002557
0.899921
0.836634
0.829913
0.850920
0.906773
0.786734
0.058942
0.023419
0.214242
0.139231
0.537266
0.643683
0.018227
0.803065
0.990476
0.801915
0.002393
0.089142
0.964187
0.090826
0.127043
0.015317
0.982006
0.499752
0.899149
0.059615
0.103091
0.707300
0.019211
0.013510
0.975822
0.316177
0.089540
0.852292
0.788022
0.037642
0.010026
0.136673
0.073383
0.015086
0.549880
0.991025
0.990862
0.924526
0.020353
0.001812
0.218560
0.977104
0.928797
0.645599
0.099831
0.600316
0.005292
0.869407
0.847780
0.524342
0.002759
0.075140
0.503261
0.015389
0.993548
0.959034
0.985257
0.981127
0.011007
0.021983
0.982655
0.501766
0.289184
0.010270
0.002511
0.005428
0.002061
0.356610
0.021873
0.197035
0.158717
0.783061
0.966497
0.205469
0.002199
0.069832
0.165184
0.005592
0.730165
0.062456
0.909907
0.015433
0.983088
0.559925
0.007487
0.983157
0.005315
0.148019
0.491118
0.921748
0.709866
0.918093
0.007440
0.763843
0.006227
0.921645
0.024488
0.145787
0.973144
0.994614
0.606391
0.002030
0.960634
0.071359
0.819963
0.006687
0.065167
0.765176
0.003075
0.787575
0.003933
0.993631
0.826367
0.058237
0.096820
0.683671
0.922639
0.789959
0.574981
0.194849
0.173027
0.994221
0.465949
0.578057
0.682297
0.218313
0.900539
0.001517
0.436328
0.982899
0.015378
0.243118
0.001895
0.028762
0.053151
0.033825
0.353397
0.727019
0.611649
0.114783
0.487854
0.829626
0.233582
0.683534
0.978493
0.256872
0.003361
0.969852
0.879568
0.967240
0.993170
0.943660
0.066364
0.009212
0.983866
0.990362
0.078550
0.946009
0.293835
0.008957
0.985549
0.544732
0.351335
0.990326
0.994780
0.025171
0.990895
0.504001
0.968281
0.003480
0.991700
0.089772
0.987877
0.964472
0.844182
0.146728
0.923168
0.408768
0.129749
0.941763
0.002313
0.961081
0.093531
0.002873
0.002059
0.091776
0.005661
0.012056
0.001507
0.006335
0.895021
0.032517
0.963275
0.095962
0.894130
0.002192
0.053444
0.014637
0.148610
0.993259
0.003841
0.970095
0.402347
0.988785
0.932916
0.533572
0.541820
0.825866
0.983416
0.553692
0.117150
0.193781
0.584774
0.035091
0.998055
0.468788
0.347066
0.818808
0.313304
0.976733
0.305080
0.850288
0.001366
0.163841
0.720728
0.951898
0.059199
0.967461
0.903042
0.006923
0.283997
0.961082
0.303440
0.147874
0.319704
0.514972
0.816956
0.157604
0.152599
0.984358
0.905139
0.903835
0.015962
0.104707
0.048489
0.845224
0.996958
0.931818
0.114320
0.377099
0.774594
0.035497
0.984196
0.967062
0.182238
0.910712
0.846021
0.116271
0.190044
0.962613
0.848650
0.995599
0.981488
0.411296
0.267024
0.985145
0.419703
0.964526
0.167130
0.971350
0.962769
0.055243
0.079630
0.001387
0.097835
0.975281
0.979352
0.672137
0.989451
0.033472
0.875467
0.200038
0.063382
0.994293
0.990018
0.997299
0.992807
0.927403
0.982820
0.992566
0.003990
0.335300
0.430241
0.553769
0.986275
0.980702
0.640946
0.027364
0.697568
0.995331
0.495549
0.887267
0.907839
0.044070
0.295594
0.808034
0.003918
0.976180
0.482529
0.047552
0.988394
0.001341
0.989682
0.985686
0.004875
0.396137
0.979458
0.525558
0.946815
0.986912
0.827694
0.865493
0.602564
0.012564
0.375745
0.732262
0.701067
0.399658
0.007840
0.006756
0.394185
0.202120
0.521730
0.018840
0.988401
0.810280
0.946420
0.491675
0.002130
0.042664
0.588602
0.996022
0.049734
0.063303
0.032413
0.154465
0.990551
0.002123
0.592827
0.335176
0.981358
0.045270
0.952073
0.629661
0.043422
0.956661
0.003796
0.317956
0.971335
0.954137
0.806626
0.174122
0.887006
0.130453
0.997093
0.981410
0.158013
0.255493
0.694095
0.311270
0.449438
0.602152
0.994931
0.027516
0.927120
0.929985
0.996529
0.006000
0.851288
0.006379
0.267130
0.003674
0.072157
0.616238
0.977036
0.125667
0.927053
0.751634
0.202650
0.024301
0.156955
0.994631
0.077479
0.940921
0.862703
0.133631
0.021682
0.349903
0.981115
0.006108
0.988118
0.003297
0.835604
0.018317
0.892064
0.940019
0.963809
0.002551
0.049041
0.021895
0.989055
0.986376
0.002700
0.001771
0.017374
0.815324
0.953306
0.372864
0.228418
0.065810
0.831349
0.776914
0.953311
0.491663
0.035084
0.716187
0.015309
0.978745
0.714916
0.220263
0.039413
0.009472
0.010429
0.994035
0.050817
0.831298
0.009405
0.982075
0.018478
0.026290
0.177940
0.791549
0.030114
0.645382
0.977043
0.711363
0.863695
0.711273
0.013438
0.976373
0.677446
0.984595
0.950013
0.162782
0.974828
0.977882
0.247345
0.551615
0.749493
0.848106
0.619348
0.906303
0.997140
0.695447
0.022451
0.285778
0.883843
0.995721
0.529688
0.747678
0.997954
0.327513
0.651562
0.993523
0.001866
0.977552
0.001516
0.938064
0.913429
0.712465
0.828159
0.345392
0.946750
0.878918
0.995314
0.450149
0.025314
0.917611
0.755682
0.022129
0.921158
0.952062
0.988641
0.930945
0.003607
0.874693
0.793047
0.045088
0.430476
0.997787
0.955551
0.185197
0.362896
0.992296
0.459628
0.943969
0.001475
0.003188
0.632075
0.671242
0.859642
0.460758
0.191228
0.034702
0.449656
0.005265
0.703907
0.035896
0.899917
0.994570
0.013547
0.015021
0.993120
0.988715
0.864189
0.025108
0.979174
0.994105
0.195851
0.938469
0.932636
0.540303
0.605076
0.981852
0.984634
0.419055
0.889902
0.024024
0.005206
0.018176
0.375819
0.944269
0.022643
0.023222
0.069824
0.463189
0.033728
0.619615
0.965980
0.002856
0.827190
0.303048
0.015330
0.796767
0.732913
0.001919
0.973080
0.316483
0.577522
0.985983
0.956150
0.322378
0.994177
0.433234
0.005600
0.933102
0.827691
0.362328
0.001803
0.857602
0.321232
0.370947
0.161449
0.981735
0.001106
0.037673
0.875751
0.215239
0.002552
0.399988
0.889939
0.925809
0.074797
0.600024
0.991115
0.771416
0.173173
0.771002
0.726089
0.814384
0.991898
0.411095
0.177417
0.003322
0.978029
0.662537
0.247995
0.866045
0.015746
0.018819
0.009751
0.995152
0.780492
0.420715
0.997900
0.135526
0.669549
0.522686
0.581369
0.616488
0.274709
0.304350
0.848419
0.767292
0.809359
0.007660
0.990949
0.981410
0.962921
0.965671
0.989045
0.006014
0.766864
0.851893
0.996515
0.170599
0.990825
0.993169
0.582252
0.500246
0.622023
0.928777
0.965683
0.738786
0.741834
0.988125
0.006611
0.632575
0.913572
0.792416
0.966268
0.923165
0.010453
0.255496
0.836629
0.441985
0.297363
0.829471
0.010704
0.004056
0.187097
0.994528
0.006662
0.659153
0.984861
0.928682
0.398404
0.966128
0.516959
0.084069
0.279156
0.267253
0.143911
0.006402
0.883193
0.077122
0.219432
0.262965
0.647066
0.565697
0.046914
0.013575
0.194292
0.520899
0.928190
0.729481
0.094732
0.658225
0.011674
0.962478
0.709700
0.002800
0.734380
0.168927
0.745827
0.180939
0.791399
0.977429
0.920499
0.903212
0.605608
0.966701
0.971268
0.221643
0.993921
0.744499
0.142618
0.576582
0.135388
0.197343
0.001829
0.049004
0.226717
0.030483
0.115495
0.005525
0.991710
0.017925
0.040783
0.018856
0.950088
0.937131
0.154176
0.959972
0.535432
0.972311
0.271998
0.975752
0.971497
0.404641
0.284924
0.926235
0.002480
0.971460
0.313283
0.003591
0.252530
0.034945
0.001959
0.970237
0.936957
0.983330
0.014798
0.986897
0.792696
0.987970
0.969483
0.036781
0.398668
0.930057
0.007985
0.738851
0.875899
0.006529
0.923550
0.703466
0.001292
0.115988
0.103979
0.715285
0.751549
0.123571
0.060861
0.932039
0.387564
0.113774
0.856932
0.037070
0.005984
0.163041
0.990505
0.975152
0.233014
0.021406
0.013313
0.081305
0.008588
0.827373
0.001187
0.008533
0.802991
0.616950
0.661406
0.904575
0.977084
0.479070
0.126973
0.493291
0.106033
0.934952
0.981579
0.942162
0.003216
0.020704
0.067410
0.651046
0.031154
0.750677
0.134685
0.783539
0.010334
0.793053
0.207305
0.530025
0.041051
0.911602
0.159379
0.506922
0.248665
0.985863
0.932523
0.967974
0.037663
0.008354
0.558590
0.997755
0.644810
0.995351
0.636340
0.795303
0.056459
0.229906
0.984832
0.071419
0.968622
0.085399
0.005470
0.962295
0.036821
0.001953
0.981466
0.910081
0.675547
0.998821
0.039121
0.901551
0.005798
0.870327
0.135043
0.031053
0.992267
0.991000
0.100498
0.587239
0.133834
0.232023
0.013126
0.317392
0.203518
0.535851
0.007294
0.060247
0.006726
0.942235
0.970645
0.991093
0.943132
0.310283
0.885163
0.796741
0.856895
0.977339
0.052061
0.978685
0.001137
0.595553
0.996677
0.996267
0.882444
0.972044
0.029059
0.884387
0.531502
0.002122
0.001716
0.776519
0.469447
0.949551
0.007252
0.118345
0.039107
0.995366
0.974262
0.577545
0.016557
0.907668
0.981253
0.002774
0.968501
0.800244
0.941636
0.748365
0.955498
0.988641
0.556804
0.975275
0.026605
0.996511
0.916807
0.026613
0.852424
0.822426
0.993389
0.497033
0.972784
0.099609
0.882976
0.984463
0.840962
0.992524
0.994850
0.998525
0.151557
0.013580
0.460704
0.021795
0.834489
0.494818
0.925766
0.390720
0.176134
0.919610
0.424883
0.860595
0.012901
0.170581
0.782743
0.703213
0.113417
0.975831
0.991424
0.123212
0.078746
0.015451
0.991588
0.994006
0.961510
0.875881
0.062641
0.440343
0.030457
0.961912
0.987174
0.175943
0.844865
0.996371
0.200252
0.973713
0.998577
0.989095
0.525336
0.581706
0.995804
0.012412
0.543295
0.851762
0.067544
0.094452
0.155422
0.064106
0.896369
0.250637
0.367072
0.120795
0.286662
0.184407
0.057120
0.013475
0.956341
0.393827
0.968143
0.303035
0.269027
0.004527
0.005689
0.653951
0.645800
0.865913
0.045499
0.333757
0.005784
0.100043
0.014484
0.048412
0.421393
0.987122
0.411824
0.838495
0.206874
0.283931
0.038116
0.995686
0.050929
0.953730
0.992695
0.989972
0.959209
0.231251
0.791640
0.992835
0.115078
0.760627
0.008841
0.001689
0.937131
0.935645
0.481109
0.995054
0.194084
0.026507
0.862740
0.463351
0.103673
0.484535
0.001282
0.928772
0.996012
0.866145
0.237332
0.995204
0.261668
0.658858
0.948959
0.228637
0.146130
0.666464
0.004741
0.960541
0.103914
0.984417
0.938531
0.980295
0.025718
0.258806
0.631348
0.070712
0.655296
0.033555
0.935747
0.377239
0.010392
0.157136
0.982500
0.142943
0.977860
0.769485
0.957232
0.177850
0.963507
0.578772
0.012808
0.773698
0.255589
0.504148
0.911560
0.986139
0.695277
0.995805
0.503725
0.643711
0.356108
0.043273
0.991658
0.794291
0.012304
0.352983
0.015964
0.405722
0.473848
0.945194
0.005161
0.012028
0.182495
0.902998
0.739076
0.108872
0.987338
0.006129
0.987951
0.130317
0.043881
0.056477
0.997880
0.090082
0.882198
0.362242
0.006245
0.578782
0.956439
0.969700
0.992404
0.966316
0.064554
0.408552
0.034623
0.993644
0.967144
0.001970
0.986574
0.976539
0.166335
0.690066
0.793465
0.496848
0.984619
0.955558
0.063318
0.090504
0.269793
0.020052
0.972320
0.912138
0.059630
0.099322
0.024067
0.007330
0.022689
0.944533
0.063328
0.300850
0.861923
0.069788
0.826905
0.844130
0.073881
0.969736
0.099827
0.628215
0.029587
0.067140
0.022615
0.005810
0.969982
0.545109
0.929598
0.985854
0.003776
0.117657
0.941990
0.893923
0.847905
0.006217
0.923512
0.997775
0.427499
0.741194
0.050025
0.936567
0.971813
0.054047
0.988785
0.124475
0.174240
0.006451
0.703441
0.025916
0.002839
0.007378
0.446052
0.586986
0.126575
0.011539
0.104502
0.990439
0.522508
0.932806
0.521429
0.154622
0.971474
0.363292
0.001851
0.903654
0.237221
0.869680
0.051321
0.446828
0.930581
0.608844
0.013242
0.018582
0.570046
0.020416
0.636400
0.005068
0.010502
0.593809
0.537213
0.988150
0.398761
0.749771
0.112550
0.169936
0.549059
0.996261
0.825609
0.956510
0.076291
0.243725
0.992359
0.004682
0.985841
0.932166
0.927245
0.678800
0.740005
0.956427
0.359832
0.982014
0.121080
0.257768
0.464032
0.943694
0.830311
0.943458
0.695128
0.967338
0.588262
0.985997
0.132872
0.911931
0.991475
0.036439
0.858538
0.761425
0.282066
0.992563
0.997903
0.989948
0.030147
0.124952
0.157518
0.951134
0.922681
0.236046
0.001739
0.810967
0.996281
0.725969
0.021218
0.792369
0.023751
0.548755
0.284577
0.878695
0.945349
0.627318
0.944432
0.003101
0.876220
0.198256
0.632578
0.960255
0.038133
0.922488
0.024152
0.038950
0.927157
0.122245
0.028796
0.003197
0.914092
0.114155
0.278058
0.007022
0.327387
0.891852
0.368100
0.924595
0.952245
0.242977
0.058623
0.998843
0.846249
0.109469
0.222329
0.297683
0.020625
0.904874
0.039041
0.006264
0.825175
0.161559
0.105755
0.961588
0.974442
0.789892
0.010162
0.995593
0.978968
0.020449
0.006168
0.011706
0.244013
0.978422
0.001225
0.760865
0.978305
0.942578
0.032913
0.408247
0.448191
0.028208
0.975236
0.956921
0.962633
0.086205
0.887706
0.068859
0.986868
0.516691
0.855859
0.890717
0.027962
0.044189
0.240190
0.002429
0.946478
0.542045
0.085208
0.003275
0.891152
0.031336
0.831972
0.883371
0.681309
0.869031
0.784146
0.989637
