0.950507
0.431690
0.692980
0.865515
0.002182
0.484047
0.085188
0.210980
0.604978
0.949502
0.556348
0.992879
0.271707
0.379240
0.690019
0.467223
0.579140
0.591916
0.994944
0.541337
0.541479
0.943322
0.562143
0.369430
0.977102
0.644491
0.003331
0.967341
0.231445
0.017620
0.964948
0.699147
0.816728
0.972033
0.823203
0.546553
0.750078
0.633887
0.165710
0.862871
0.098728
0.470137
0.072796
0.003497
0.692734
0.884323
0.501888
0.589628
0.840507
0.774482
0.182664
0.820339
0.836649
0.259106
0.893921
0.132003
0.550845
0.612287
0.025877
0.452581
0.788852
0.539687
0.962634
0.371855
0.924898
0.109766
0.417806
0.503978
0.420159
0.033463
0.019360
0.267226
0.030394
0.485823
0.460915
0.152436
0.335043
0.983303
0.929473
0.704207
0.961911
0.120692
0.984320
0.924638
0.968859
0.981241
0.029374
0.682294
0.092352
0.065692
0.796572
0.924609
0.852520
0.998274
0.906603
0.424620
0.528879
0.676776
0.000078
0.839023
0.366344
0.920489
0.037164
0.069276
0.134355
0.807659
0.339352
0.068670
0.984433
0.933770
0.031604
0.010323
0.017030
0.284644
0.002057
0.875646
0.929195
0.012818
0.000136
0.761314
0.890125
0.983777
0.819130
0.978358
0.016802
0.633062
0.987375
0.000015
0.269497
0.854205
0.195137
0.137750
0.303646
0.233803
0.178194
0.344961
0.340980
0.092628
0.029931
0.345031
0.109823
0.993261
0.120138
0.998385
0.443031
0.577472
0.152329
0.033055
0.929761
0.738870
0.001259
0.714149
0.834336
0.012260
0.175243
0.748699
0.810165
0.077825
0.585644
0.919507
0.895760
0.708637
0.931669
0.015729
0.499393
0.490997
0.134639
0.979023
0.003700
0.025058
0.062638
0.000190
0.924550
0.453920
0.302778
0.263635
0.097260
0.928087
0.973840
0.959382
0.138799
0.995011
0.973649
0.176831
0.997828
0.567280
0.836626
0.003866
0.587001
0.920888
0.200461
0.001172
0.890820
0.092391
0.841615
0.919428
0.719674
0.679905
0.055256
0.925751
0.051436
0.033955
0.996762
0.839397
0.862504
0.303139
0.200327
0.991374
0.373228
0.183367
0.794443
0.009933
0.015311
0.265150
0.881174
0.003052
0.147095
0.719440
0.562158
0.000376
0.000131
0.909672
0.122710
0.859205
0.033423
0.947351
0.061039
0.000108
0.088948
0.835824
0.936627
0.366826
0.935655
0.357646
0.635419
0.970343
0.480668
0.653069
0.101825
0.029948
0.813871
0.529721
0.454722
0.000171
0.588625
0.102015
0.155877
0.247639
0.003412
0.999274
0.052221
0.122919
0.268866
0.927889
0.024225
0.745711
0.612793
0.625325
0.676680
0.668049
0.389044
0.861099
0.787408
0.811207
0.517441
0.000518
0.936539
0.959514
0.997994
0.927416
0.310182
0.159467
0.527036
0.346647
0.569205
0.000006
0.947236
0.209368
0.017486
0.930702
0.996456
0.005453
0.565297
0.992388
0.737403
0.975172
0.764241
0.125031
0.993988
0.899767
0.626170
0.499217
0.943013
0.002718
0.001344
0.785094
0.924294
0.094593
0.104176
0.234698
0.073178
0.456703
0.908719
0.447859
0.971572
0.806104
0.785271
0.638056
0.295430
0.342596
0.629059
0.363984
0.000090
0.973644
0.006492
0.940866
0.284774
0.916880
0.099078
0.997645
0.807465
0.023477
0.686371
0.857380
0.036637
0.398674
0.419763
0.486357
0.181566
0.680215
0.242354
0.687550
0.003894
0.360836
0.995159
0.367157
0.000029
0.299066
0.891196
0.335314
0.968683
0.727433
0.989295
0.000042
0.738561
0.931980
0.018981
0.019808
0.978030
0.692825
0.742473
0.000069
0.018500
0.441859
0.962066
0.822312
0.178114
0.000963
0.155009
0.351002
0.567956
0.627708
0.985468
0.344650
0.366086
0.371683
0.117189
0.976820
0.137180
0.002401
0.713748
0.969830
0.901061
0.584747
0.918099
0.978653
0.911684
0.143596
0.882084
0.005670
0.088749
0.860484
0.462581
0.972940
0.570155
0.883978
0.944845
0.910871
0.970074
0.876654
0.021880
0.020189
0.977588
0.239964
0.140132
0.665872
0.998175
0.629771
0.967033
0.999795
0.290062
0.988083
0.129617
0.996542
0.991009
0.581059
0.726631
0.979587
0.001246
0.059660
0.014719
0.061916
0.300935
0.014266
0.972662
0.231574
0.931813
0.929806
0.105093
0.965286
0.029138
0.133894
0.210988
0.925280
0.685134
0.580008
0.090446
0.064938
0.273270
0.900702
0.914024
0.057592
0.917547
0.877096
0.002798
0.298352
0.636625
0.792356
0.768061
0.832680
0.979816
0.753226
0.996007
0.353544
0.908002
0.702390
0.688871
0.287156
0.130072
0.746160
0.009105
0.753018
0.835815
0.066599
0.009586
0.983379
0.992463
0.964029
0.193390
0.042871
0.002544
0.587632
0.323821
0.942899
0.950864
0.954157
0.943221
0.985715
0.998663
0.857800
0.000148
0.280328
0.001496
0.474837
0.221305
0.984524
0.561296
0.019460
0.858140
0.904360
0.807550
0.342465
0.983587
0.268925
0.081895
0.994719
0.227160
0.086737
0.176106
0.321985
0.531080
0.221270
0.524077
0.034568
0.788931
0.064486
0.779738
0.895050
0.803815
0.801182
0.036970
0.892685
0.135606
0.008307
0.897380
0.749840
0.105107
0.963295
0.988095
0.584176
0.012252
0.951720
0.007690
0.006491
0.793019
0.579629
0.510513
0.032619
0.956855
0.826862
0.994820
0.017488
0.735596
0.934485
0.488634
0.064375
0.048368
0.411219
0.235573
0.002385
0.998486
0.861096
0.866643
0.281358
0.998712
0.970605
0.937116
0.591346
0.963862
0.600388
0.503031
0.005597
0.102923
0.990543
0.361884
0.618542
0.996266
0.011498
0.554669
0.980893
0.992455
0.103605
0.136626
0.986145
0.685880
0.012496
0.905777
0.967568
0.982539
0.985643
0.030062
0.890901
0.696616
0.187016
0.385762
0.112592
0.964354
0.202875
0.920472
0.022491
0.907222
0.296648
0.714444
0.006024
0.494360
0.984084
0.054027
0.001401
0.967538
0.678022
0.631883
0.942161
0.085453
0.958016
0.871624
0.686611
0.979991
0.956240
0.161962
0.007153
0.724209
0.086154
0.285814
0.000302
0.752785
0.023315
0.648978
0.679721
0.496456
0.109218
0.975304
0.936668
0.235120
0.747789
0.087157
0.783326
0.000386
0.212491
0.975480
0.014130
0.386090
0.852120
0.259047
0.016444
0.014181
0.886818
0.013847
0.097485
0.788000
0.354524
0.920436
0.004914
0.448230
0.988375
0.158606
0.282277
0.795915
0.171283
0.452488
0.194381
0.001647
0.907890
0.182491
0.022529
0.919417
0.301641
0.205766
0.004085
0.773905
0.316277
0.069146
0.887314
0.923037
0.028149
0.954092
0.999823
0.329050
0.085334
0.061730
0.018017
0.546905
0.974272
0.569189
0.080435
0.722953
0.285758
0.781296
0.361931
0.426590
0.376473
0.123779
0.905862
0.078704
0.481771
0.701790
0.054145
0.772336
0.941742
0.097188
0.993367
0.892791
0.775330
0.067872
0.362934
0.983089
0.123583
0.863156
0.090288
0.978134
0.824795
0.024452
0.601134
0.151911
0.669418
0.400287
0.430572
0.001922
0.051341
0.566594
0.037767
0.195311
0.987663
0.936297
0.003384
0.566805
0.581198
0.630203
0.495986
0.701849
0.011833
0.025855
0.169699
0.719284
0.402794
0.513356
0.428751
0.837151
0.905511
0.363084
0.146463
0.906109
0.981795
0.997354
0.002168
0.976505
0.971116
0.949240
0.221107
0.033536
0.004263
0.207971
0.979833
0.013039
0.009516
0.875391
0.429674
0.315791
0.722469
0.885666
0.051663
0.042833
0.152284
0.797834
0.538323
0.142102
0.022769
0.736389
0.658133
0.209037
0.994527
0.774191
0.972509
0.634190
0.509853
0.011345
0.718629
0.825726
0.961820
0.054804
0.027169
0.240189
0.039406
0.261963
0.126616
0.336924
0.225574
0.734808
0.993016
0.752948
0.011939
0.666881
0.111881
0.937557
0.921017
0.083566
0.158265
0.279856
0.993402
0.762374
0.191435
0.361797
0.439199
0.638274
0.899734
0.025591
0.866766
0.588986
0.380677
0.575162
0.948495
0.030146
0.346022
0.337883
0.075529
0.003717
0.989316
0.886260
0.931602
0.311620
0.485521
0.438162
0.933378
0.797591
0.861729
0.909394
0.755699
0.343193
0.981718
0.012263
0.284312
0.969937
0.639154
0.996207
0.938844
0.985696
0.730206
0.153716
0.999055
0.005662
0.650909
0.820252
0.770374
0.108431
0.230174
0.803330
0.473846
0.856474
0.828516
0.009013
0.682068
0.008853
0.957242
0.921353
0.071171
0.857535
0.999774
0.267080
0.132744
0.865090
0.912701
0.003832
0.682232
0.494956
0.793981
0.602394
0.050892
0.033184
0.620280
0.947988
0.428013
0.032177
0.904880
0.000067
0.856941
0.403025
0.029394
0.889891
0.007202
0.844988
0.999320
0.263914
0.871004
0.789792
0.895470
0.985964
0.998776
0.877834
0.947779
0.210477
0.853532
0.000770
0.040604
0.767208
0.238120
0.601912
0.128136
0.211962
0.006798
0.962364
0.024942
0.007258
0.987098
0.912984
0.917072
0.072360
0.051482
0.015909
0.791866
0.010060
0.850884
0.766322
0.944459
0.047923
0.002276
0.926228
0.782308
0.227084
0.144358
0.799909
0.141655
0.249597
0.954024
0.979893
0.120103
0.000963
0.761148
0.993608
0.034456
0.013555
0.000079
0.001304
0.899188
0.845209
0.969031
0.872969
0.006550
0.086737
0.997232
0.414392
0.859888
0.929331
0.384326
0.029106
0.902429
0.011039
0.053212
0.792746
0.153396
0.192092
0.807372
0.049464
0.926292
0.908500
0.897164
0.835127
0.049133
0.085859
0.976551
0.825026
0.918302
0.003485
0.991095
0.025403
0.034541
0.647031
0.840087
0.999063
0.862953
0.913135
0.242320
0.000274
0.919193
0.477264
0.989883
0.546981
0.016260
0.994294
0.677985
0.996333
0.787524
0.991524
0.854007
0.719346
0.746719
0.364251
0.973041
0.059469
0.007704
0.994254
0.000012
0.050342
0.489933
0.753710
0.099650
0.976110
0.522488
0.458446
0.383816
0.979867
0.079127
0.937875
0.004528
0.069446
0.791421
0.349702
0.177400
0.415114
0.095713
0.744025
0.772877
0.863871
0.000571
0.073527
0.152414
0.116873
0.236789
0.023984
0.235390
0.229181
0.590401
0.018541
0.336158
0.860352
0.662410
0.892173
0.547634
0.974231
0.680266
0.990751
0.124847
0.023701
0.963751
0.997247
0.996435
0.937961
0.642260
0.059618
0.002317
0.126349
0.710662
0.083177
0.086849
0.006839
0.160663
0.881862
0.047104
0.981765
0.021345
0.766979
0.837020
0.566299
0.309493
0.988886
0.370697
0.245509
0.436041
0.993940
0.006145
0.928874
0.874521
0.232384
0.152404
0.483517
0.950080
0.044207
0.250996
0.748730
0.818007
0.439517
0.513868
0.885150
0.887984
0.081820
0.004259
0.999823
0.792460
0.819407
0.363242
0.288166
0.904715
0.000053
0.117730
0.682247
0.945685
0.000862
0.092305
0.973365
0.794834
0.277799
0.039770
0.861653
0.106575
0.770231
0.955058
0.002369
0.126255
0.173386
0.933851
0.940405
0.801975
0.929713
0.432710
0.001896
0.914924
0.975503
0.376007
0.151617
0.538931
0.101998
0.989246
0.857219
0.930870
0.960643
0.603960
0.494720
0.071339
0.139995
0.587955
0.772254
0.685850
0.271659
0.004001
0.385088
0.548029
0.082166
0.961399
0.055908
0.951393
0.940698
0.552528
0.000154
0.670528
0.743052
0.987302
0.017918
0.957966
0.333818
0.611959
0.566333
0.942375
0.575401
0.819463
0.365617
0.675739
0.824231
0.996923
0.631135
0.046511
0.106370
0.288094
0.896084
0.872254
0.162600
0.042791
0.913829
0.110987
0.002811
0.939919
0.014496
0.872694
0.000152
0.476174
0.380090
0.311063
0.992514
0.646437
0.855082
0.514816
0.984264
0.988465
0.786857
0.303321
0.768470
0.664738
0.987180
0.017034
0.684066
0.023039
0.599920
0.820092
0.049963
0.873971
0.882742
0.681858
0.621898
0.932796
0.999720
0.552200
0.075448
0.897023
0.873434
0.341933
0.000427
0.298221
0.584028
0.784977
0.565485
0.735622
0.015526
0.998789
0.863078
0.316245
0.237851
0.869744
0.981760
0.342325
0.086889
0.965141
0.045935
0.025804
0.334889
0.546927
0.761756
0.614411
0.738368
0.987397
0.061814
0.708116
0.006746
0.900124
0.930037
0.091094
0.911717
0.903600
0.878008
0.003890
0.937803
0.292594
0.674886
0.703527
0.994260
0.154467
0.394948
0.420595
0.724068
0.349560
0.993003
0.291222
0.155924
0.038594
0.055213
0.000204
0.322087
0.025908
0.744590
0.042407
0.010649
0.860947
0.875947
0.905005
0.904195
0.924100
0.530276
0.623361
0.809568
0.689197
0.195481
0.858556
0.450861
0.366166
0.567521
0.277652
0.641779
0.662910
0.361948
0.981750
0.897985
0.458310
0.474913
0.888690
0.714975
0.236756
0.315223
0.202914
0.026749
0.517923
0.057925
0.184279
0.999903
0.845499
0.931554
0.456132
0.692315
0.994815
0.900110
0.503373
0.019840
0.113910
0.544794
0.552139
0.978819
0.165138
0.030215
0.999614
0.848536
0.981813
0.870631
0.913844
0.986548
0.780483
0.030188
0.342068
0.007357
0.886586
0.891420
0.000196
0.035028
0.045022
0.924127
0.491142
0.974104
0.025466
0.702431
0.920745
0.775436
0.699676
0.304942
0.000187
0.894127
0.968772
0.967103
0.408310
0.082904
0.963882
0.309211
0.000001
0.093528
0.976018
0.881595
0.152153
0.338247
0.020127
0.976278
0.140921
0.879174
0.943701
0.373620
0.637217
0.785961
0.619298
0.012024
0.800085
0.502593
0.550495
0.649829
0.876494
0.018309
0.016186
0.026804
0.524157
0.003152
0.117893
0.523770
0.625780
0.887530
0.989991
0.700086
0.932626
0.927243
0.267949
0.223219
0.320449
0.000229
0.195920
0.351824
0.975290
0.901368
0.966944
0.012401
0.031824
0.488454
0.002840
0.305032
0.731150
0.187422
0.009090
0.825123
0.644670
0.997353
0.214453
0.032476
0.521076
0.827237
0.818938
0.293950
0.875024
0.900021
0.748079
0.918259
0.167936
0.046906
0.173054
0.853206
0.840525
0.861373
0.892334
0.999871
0.903449
0.080478
0.996363
0.001521
0.726025
0.937231
0.672367
0.826967
0.512172
0.119929
0.543207
0.061186
0.929720
0.004193
0.240798
0.523533
0.368882
0.978172
0.974692
0.993613
0.809610
0.162479
0.879707
0.000149
0.937742
0.010860
0.980547
0.989899
0.002847
0.189399
0.917329
0.144765
0.007232
0.986752
0.688081
0.631123
0.040705
0.128670
0.071568
0.756815
0.718326
0.912951
0.940233
0.715070
0.006099
0.500268
0.009824
0.931461
0.465802
0.032233
0.395557
0.208911
0.038358
0.035169
0.144235
0.652069
0.985342
0.119805
0.058662
0.912650
0.979301
0.804857
0.581872
0.985075
0.945427
0.972064
0.028009
0.878359
0.986791
0.858067
0.904413
0.021768
0.181957
0.710034
0.597243
0.964867
0.575396
0.943379
0.388986
0.033885
0.486544
0.469151
0.971507
0.026804
0.760918
0.743507
0.393291
0.678403
0.388000
0.987837
0.759692
0.996986
0.043161
0.450583
0.033905
0.961632
0.661556
0.999021
0.650363
0.951858
0.097830
0.086244
0.927349
0.292084
0.790279
0.429924
0.973579
0.145344
0.110332
0.072631
0.664422
0.000001
0.564206
0.976302
0.631495
0.000835
0.696589
0.864949
0.006053
0.399350
0.093222
0.999102
0.750817
0.202121
0.006886
0.422340
0.646216
0.988534
0.990274
0.869162
0.752236
0.384754
0.714895
0.911552
0.738759
0.774035
0.716068
0.069877
0.906068
0.004613
0.043209
0.998295
0.061829
0.632936
0.087414
0.952499
0.517106
0.230597
0.074610
0.688621
0.955932
0.942551
0.025247
0.018922
0.157474
0.403049
0.995630
0.930100
0.246939
0.687619
0.375922
0.000946
0.072385
0.325337
0.793595
0.002250
0.983905
0.513896
0.931599
0.175310
0.997561
0.945437
0.651552
0.005785
0.002221
0.232893
0.104398
0.979911
0.015222
0.583421
0.912671
0.992328
0.510493
0.003077
0.761229
0.151586
0.988561
0.434834
0.843575
0.939241
0.905346
0.047417
0.969305
0.002800
0.068458
0.995142
0.487774
0.651257
0.000566
0.044349
0.727902
0.589098
0.959137
0.000247
0.906361
0.943535
0.934138
0.974590
0.966006
0.988056
0.146439
0.687841
0.958902
0.681352
0.936981
0.047747
0.957073
0.742242
0.045437
0.752431
0.850072
0.429998
0.852883
0.926400
0.008567
0.928675
0.293771
0.017821
0.453771
0.837734
0.244353
0.379207
0.746775
0.833588
0.021455
0.131577
0.067511
0.836218
0.841332
0.945068
0.725627
0.772368
0.989104
0.204998
0.510611
0.000864
0.195292
0.017811
0.000476
0.868993
0.370221
0.684145
0.911953
0.876086
0.016562
0.757487
0.292585
0.442307
0.511990
0.977098
0.048911
0.244741
0.080766
0.064912
0.295438
0.351222
0.875844
0.774884
0.053268
0.606061
0.641157
0.601156
0.934290
0.073430
0.952737
0.002398
0.832154
0.923468
0.209511
0.233813
0.819028
0.758203
0.511386
0.999993
0.459949
0.909936
0.283095
0.447858
0.003408
0.976465
0.691910
0.925692
0.026692
0.991202
0.989452
0.463383
0.992257
0.708562
0.999554
0.844124
0.080490
0.036325
0.418287
0.135991
0.182173
0.015899
0.726400
0.003585
0.913980
0.846987
0.953245
0.054678
0.874347
0.853307
0.744192
0.649545
0.798686
0.018010
0.568799
0.022584
0.700200
0.762857
0.002217
0.928370
0.000021
0.650268
0.123097
0.906205
0.406515
0.753900
0.901048
0.208035
0.752872
0.300473
0.010454
0.021830
0.776246
0.359993
0.899463
0.192938
0.572158
0.269175
0.145745
0.598064
0.534275
0.949029
0.057659
0.996204
0.278796
0.203159
0.759240
0.528421
0.008758
0.980279
0.487364
0.997361
0.899207
0.609661
0.036030
0.811033
0.003211
0.153865
0.027358
0.779535
0.148503
0.931854
0.945310
0.936888
0.937404
0.509805
0.055390
0.775108
0.092934
0.070662
0.979259
0.390946
0.666896
0.765101
0.237957
0.992879
0.795255
0.894541
0.839081
0.269559
0.042787
0.861541
0.710514
0.052399
0.839449
0.044542
0.733975
0.594986
0.923723
0.930945
0.082062
0.107166
0.120129
0.111404
0.940012
0.798004
0.774666
0.994831
0.006157
0.017467
0.377500
0.829766
0.733236
0.530800
0.524630
0.928608
0.892133
0.001194
0.994038
0.994755
0.163931
0.973499
0.001342
0.986806
0.036474
0.450760
0.956583
0.112460
0.021605
0.063482
0.000976
0.376438
0.810454
0.103491
0.575786
0.539448
0.969608
0.181625
0.955200
0.981364
0.212633
0.113231
0.417284
0.119741
0.780881
0.554916
0.017789
0.009137
0.066102
0.246235
0.968924
0.424894
0.050512
0.926388
0.413427
0.692397
0.810552
0.640979
0.936051
0.494552
0.774220
0.522597
0.000073
0.970859
0.069925
0.984554
0.601003
0.863553
0.899430
0.107023
0.071846
0.257543
0.660459
0.024045
0.710141
0.050863
0.997386
0.701707
0.933979
0.316327
0.615223
0.728992
0.880315
0.440731
0.505828
0.753286
0.087763
0.269161
0.964477
0.945306
0.896068
0.282253
0.261371
0.839863
0.799275
0.011778
0.003208
0.923718
0.031788
0.491453
0.861616
0.936228
0.505270
0.161075
0.577658
0.982293
0.820078
0.136709
0.530418
0.807944
0.927791
0.066701
0.960969
0.489313
0.384885
0.118310
0.018576
0.052062
0.905646
0.871569
0.032908
0.774423
0.901069
0.003520
0.907076
0.998318
0.035308
0.595826
0.492670
0.727632
0.217467
0.014172
0.056161
0.993264
0.133362
0.406544
0.931985
0.022005
0.279282
0.477385
0.199123
0.057378
0.890259
0.822140
0.061259
0.908575
0.223187
0.001431
0.825398
0.256839
0.973417
0.508502
0.801151
0.893428
0.998850
0.949686
0.248377
0.296439
0.865510
0.849071
0.146388
0.741622
0.705138
0.757830
0.481696
0.574935
0.600251
0.976071
0.903929
0.800929
0.033302
0.847892
0.285283
0.237130
0.008906
0.880427
0.878526
0.370361
0.958710
0.431542
0.208351
0.986055
0.096585
0.996041
0.376693
0.003924
0.917984
0.387836
0.002694
0.000345
0.145911
0.334611
0.991205
0.703598
0.153235
0.023275
0.777985
0.000011
0.646577
0.870184
0.387401
0.935390
0.785027
0.112723
0.213900
0.271320
0.003507
0.971612
0.273821
0.520966
0.999152
0.117768
0.747155
0.052969
0.370985
0.771056
0.615718
0.155575
0.015505
0.919688
0.976253
0.005207
0.708379
0.981723
0.454579
0.009760
0.578698
0.270557
0.635259
0.892101
0.271403
0.971138
0.723280
0.132913
0.161976
0.823367
0.127770
0.351959
0.038173
0.015125
0.142961
0.972027
0.966661
0.462024
0.050406
0.054661
0.438402
0.007906
0.082055
0.827920
0.010724
0.982053
0.571171
0.692814
0.087403
0.843148
0.310753
0.549825
0.005728
0.000368
0.000012
0.272684
0.998601
0.468311
0.055479
0.357266
0.440146
0.461701
0.932700
0.887439
0.932682
0.250548
0.176599
0.724144
0.754161
0.832954
0.154537
0.269884
0.840101
0.946694
0.102962
0.957367
0.281469
0.003545
0.883754
0.976889
0.980059
0.806554
0.013875
0.991215
0.178043
0.059452
0.018827
0.104004
0.839099
0.991548
0.858554
0.431629
0.271846
0.476317
0.998502
0.948293
0.283640
0.443916
0.908787
0.830856
0.023931
0.014347
0.115561
0.045351
0.004062
0.777959
0.006278
0.444682
0.093281
0.020069
0.172258
0.259318
0.990243
0.984192
0.663420
0.082647
0.282652
0.054876
0.364921
0.393195
0.922922
0.150861
0.886228
0.993422
0.693058
0.983585
0.012329
0.507761
0.789978
0.807820
0.862803
0.982855
0.676614
0.214915
0.686099
0.845074
0.984834
0.992424
0.045134
0.374157
0.403851
0.909550
0.911488
0.045301
0.928007
0.020541
0.079930
0.645692
0.165877
0.798861
0.949399
0.012567
0.792259
0.705609
0.998538
0.785595
0.152059
0.515781
0.036437
0.701628
0.952858
0.142646
0.000041
0.993216
0.472129
0.087491
0.605005
0.771800
0.628041
0.024821
0.926418
0.385137
0.333165
0.996072
0.070418
0.798564
0.981187
0.994254
0.804840
0.193515
0.150790
0.984113
0.603478
0.933656
0.786311
0.998881
0.946102
0.580028
0.666220
0.278413
0.983026
0.018322
0.462722
0.845242
0.074708
0.095995
0.038085
0.002672
0.353158
0.518634
0.719946
0.739564
0.370063
0.050093
0.944417
0.613903
0.186801
0.788258
0.964416
0.169805
0.013464
0.910873
0.253474
0.020987
0.595292
0.355137
0.945429
0.975587
0.017873
0.606795
0.231815
0.786451
0.963781
0.033967
0.941538
0.929919
0.867655
0.693051
0.177573
0.421536
0.784926
0.889192
0.171690
0.897861
0.144607
0.322892
0.980548
0.994933
0.009402
0.919077
0.062276
0.835674
0.926627
0.677801
0.758276
0.067862
0.211316
0.273533
0.270981
0.703193
0.824767
0.970738
0.905839
0.220384
0.321780
0.916939
0.154392
0.853396
0.485373
0.035436
0.736911
0.262517
0.330759
0.867903
0.873913
0.965246
0.583203
0.031957
0.695039
0.994754
0.996421
0.043043
0.518284
0.835817
0.726286
0.828247
0.973101
0.003519
0.314786
0.942517
0.030801
0.087257
0.487684
0.178153
0.802059
0.709060
0.719037
0.108788
0.876631
0.425199
0.005466
0.000010
0.984785
0.953092
0.000008
0.852986
0.226882
0.739174
0.880541
0.877837
0.359624
0.883744
0.807935
0.025272
0.152213
0.167016
0.798812
0.987831
0.792303
0.539553
0.171990
0.444005
0.223173
0.227518
0.152299
0.971348
0.257135
0.936284
0.985655
0.805397
0.933274
0.976833
0.597078
0.701906
0.971068
0.004346
0.116837
0.988598
0.709536
0.787039
0.892329
0.193692
0.919068
0.951119
0.204019
0.763254
0.986196
0.052364
0.887284
0.168402
0.992649
0.503788
0.975193
0.981812
0.953396
0.523017
0.005426
0.261912
0.875078
0.005750
0.066789
0.537887
0.889642
0.000142
0.952086
0.029313
0.317722
0.665143
0.000379
0.033849
0.020762
0.952205
0.837360
0.067225
0.828697
0.702425
0.037088
0.990041
0.017491
0.895576
0.649483
0.155538
0.202799
0.026868
0.787209
0.568639
0.861962
0.942327
0.835744
0.201265
0.657010
0.586039
0.950561
0.959202
0.573309
0.766348
0.031071
0.872970
0.688606
0.867464
0.000036
0.021127
0.968014
0.101564
0.002963
0.993953
0.896572
0.564403
0.988138
0.751770
0.015209
0.051278
0.002439
0.623094
0.792935
0.814380
0.161975
0.157563
0.877500
0.937589
0.149181
0.998977
0.086040
0.003950
0.013916
0.001078
0.986797
0.579358
0.911840
0.208549
0.959602
0.978745
0.880762
0.999176
0.256860
0.895456
0.262477
0.920567
0.457820
0.668889
0.707878
0.328901
0.092575
0.405928
0.814989
0.890674
0.782460
0.142646
0.950593
0.131064
0.339532
0.875007
0.243574
0.758601
0.185458
0.007814
0.332706
0.316280
0.442231
0.122361
0.325357
0.568907
0.313914
0.915994
0.910274
0.959289
0.115548
0.362968
0.007608
0.844797
0.246159
0.979990
0.080644
0.564019
0.987620
0.469394
0.999761
0.796421
0.096634
0.716317
0.022781
0.419926
0.014327
0.002058
0.982663
0.163986
0.110241
0.660539
0.406104
0.009392
0.000049
0.252261
0.933783
0.479279
0.009464
0.008183
0.984995
0.605662
0.968202
0.971368
0.462216
0.032671
0.667229
0.173539
0.693282
0.976222
0.753743
0.233034
0.630214
0.012509
0.991470
0.001843
0.407107
0.955664
0.726431
0.000118
0.994057
0.868840
0.834405
0.396405
0.830069
0.992986
0.928044
0.676426
0.561256
0.009593
0.050379
0.869452
0.188160
0.030127
0.794045
0.885906
0.027943
0.015968
0.790866
0.109474
0.015030
0.839834
0.780141
0.022076
0.130521
0.271032
0.623694
0.012160
0.935421
0.487374
0.641017
0.978611
0.399919
0.494585
0.851327
0.521309
0.798507
0.937251
0.099842
0.019083
0.004565
0.001169
0.811371
0.827377
0.078383
0.705554
0.915314
0.055901
0.743682
0.955933
0.766389
0.972013
0.158758
0.825907
0.371596
0.289217
0.838528
0.887070
0.546222
0.189414
0.196130
0.096583
0.290265
0.054690
0.221544
0.898665
0.933066
0.114713
0.902127
0.364747
0.211946
0.307602
0.010870
0.993453
0.160189
0.125116
0.616228
0.731441
0.958078
0.296872
0.267324
0.783110
0.887995
0.096031
0.377340
0.931272
0.007088
0.776785
0.259530
0.484120
0.035732
0.935375
0.045343
0.258969
0.021292
0.015205
0.323152
0.646910
0.696518
0.691059
0.131040
0.969083
0.861252
0.028738
0.903606
0.870884
0.101335
0.876143
0.451759
0.228115
0.092006
0.891466
0.864158
0.915838
0.001200
0.791547
0.563082
0.991279
0.018461
0.001490
0.908958
0.125127
0.629017
0.510780
0.966820
0.341363
0.994415
0.979238
0.995171
0.976671
0.001003
0.002999
0.513030
0.172308
0.094063
0.216277
0.515602
0.061079
0.050775
0.952664
0.164102
0.044319
0.349509
0.524904
0.264349
0.003515
0.995188
0.000588
0.667274
0.144681
0.779948
0.181236
0.007029
0.523393
0.399069
0.137362
0.000700
0.260923
0.755178
0.443174
0.685107
0.054873
0.923542
0.006089
0.924432
0.326372
0.434671
0.633352
0.991147
0.749610
0.952429
0.304702
0.983703
0.966732
0.079022
0.948486
0.963998
0.431772
0.857434
0.008574
0.889282
0.931558
0.122005
0.765266
0.914875
0.924212
0.000035
0.715192
0.992061
0.772987
0.651947
0.049719
0.001180
0.571154
0.115511
0.057379
0.459469
0.021040
0.917668
0.970065
0.021921
0.860396
0.964009
0.254805
0.544387
0.613627
0.843699
0.998986
0.999235
0.075522
0.245464
0.635215
0.998532
0.861874
0.972446
0.000013
0.920877
0.641662
0.057200
0.954035
0.059763
0.859182
0.709908
0.788227
0.988734
0.059158
0.404760
0.851362
0.036216
0.403867
0.027144
0.968016
0.578970
0.920996
0.424264
0.839505
0.534266
0.927013
0.014949
0.160499
0.932409
0.692347
0.554275
0.286012
0.659230
0.156409
0.747086
0.990806
0.023078
0.207407
0.931686
0.820009
0.251224
0.908638
0.107629
0.021405
0.597656
0.996913
0.453486
0.988503
0.917126
0.975429
0.546255
0.728616
0.992530
0.017080
0.932502
0.391910
0.000009
0.000951
0.588401
0.595699
0.790847
0.915166
0.853276
0.070090
0.346629
0.321226
0.444757
0.322615
0.991219
0.008880
0.885036
0.797901
0.072457
0.150971
0.060289
0.984322
0.968641
0.139558
0.923098
0.002111
0.903415
0.000605
0.539187
0.209817
0.932050
0.057622
0.997038
0.898355
0.268204
0.984172
0.293198
0.055458
0.059456
0.954814
0.028007
0.968979
0.812799
0.296884
0.855803
0.700424
0.006659
0.037460
0.986923
0.974431
0.458405
0.000118
0.963316
0.086308
0.141612
0.251745
0.618034
0.616859
0.582997
0.000315
0.265954
0.778208
0.655416
0.632575
0.901754
0.997186
0.222304
0.038596
0.092068
0.314607
0.971778
0.926727
0.805778
0.996638
0.120890
0.999294
0.283376
0.789699
0.999946
0.120690
0.000195
0.611257
0.975422
0.945973
0.997101
0.580486
0.957963
0.305898
0.052842
0.922849
0.843305
0.056853
0.855253
0.216087
0.058014
0.002245
0.621475
0.029429
0.944430
0.900602
0.318452
0.920582
0.279533
0.110287
0.973246
0.878703
0.920021
0.390627
0.144822
0.761509
0.790087
0.149892
0.980131
0.000036
0.779240
0.132023
0.025808
0.468372
0.575506
0.935687
0.086967
0.003417
0.866956
0.959020
0.716081
0.399675
0.398643
0.005586
0.352512
0.003318
0.994890
0.005118
0.986152
0.176201
0.393320
0.471359
0.978788
0.170791
0.959605
0.308413
0.187038
0.944062
0.940024
0.543633
0.494998
0.895745
0.052946
0.218671
0.007478
0.938524
0.477586
0.038176
0.919126
0.303084
0.904312
0.784779
0.961706
0.570979
0.054112
0.626746
0.061007
0.310809
0.054003
0.999127
0.558332
0.333651
0.535015
0.005663
0.005799
0.001831
0.729886
0.910351
0.955769
0.004736
0.988777
0.123301
0.928376
0.674126
0.108277
0.000039
0.549234
0.008235
0.165060
0.950402
0.050698
0.456649
0.042079
0.000048
0.497054
0.903732
0.081586
0.947795
0.106914
0.385337
0.733338
0.045425
0.757754
0.047538
0.972025
0.917839
0.010018
0.932312
0.945948
0.193109
0.071781
0.002952
0.039514
0.423102
0.118668
0.222519
0.996876
0.463838
0.952787
0.280255
0.968517
0.920436
0.086763
0.126598
0.995076
0.981576
0.337741
0.451411
0.254866
0.796163
0.920362
0.746109
0.359692
0.425802
0.943934
0.863514
0.717698
0.169482
0.912509
0.816250
0.438241
0.409081
0.833839
0.716669
0.826868
0.911124
0.296794
0.884876
0.762725
0.839670
0.123173
0.217990
0.666054
0.369943
0.994097
0.063781
0.026006
0.271844
0.023992
0.302998
0.983279
0.007760
0.903445
0.687163
0.975098
0.089797
0.982490
0.910966
0.485799
0.166408
0.043798
0.860721
0.000222
0.962119
0.001996
0.986304
0.863696
0.004494
0.140369
0.743651
0.999719
0.974557
0.933721
0.927691
0.349318
0.275030
0.982444
0.054492
0.110690
0.288301
0.431180
0.940046
0.458064
0.259899
0.170349
0.801099
0.722730
0.884326
0.035010
0.995803
0.653703
0.675919
0.189539
0.004759
0.655461
0.952034
0.948809
0.124316
0.985376
0.303166
0.302252
0.470945
0.733197
0.068926
0.289631
0.910746
0.923714
0.997707
0.851946
0.099914
0.711607
0.579665
0.044472
0.961623
0.981896
0.394822
0.869408
0.247178
0.335336
0.775664
0.496970
0.088583
0.956241
0.391800
0.664055
0.930667
0.238295
0.903271
0.472983
0.446485
0.075323
0.436870
0.152163
0.108194
0.849152
0.007260
0.999566
0.856372
0.035601
0.011047
0.397813
0.917357
0.579439
0.899102
0.006658
0.574299
0.246505
0.812143
0.818337
0.270845
0.456389
0.143619
0.337354
0.031752
0.817528
0.012405
0.803144
0.385987
0.797873
0.724756
0.952719
0.804612
0.426799
0.042313
0.076276
0.664055
0.897040
0.920144
0.891606
0.662918
0.350331
0.528226
0.276939
0.916108
0.946442
0.040091
0.860335
0.998731
0.853301
0.024676
0.879515
0.613910
0.097225
0.930770
0.972416
0.497098
0.860675
0.926769
0.986120
0.717396
0.788874
0.210471
0.486737
0.162180
0.387659
0.705505
0.842213
0.662265
0.552611
0.052586
0.397256
0.968476
0.853649
0.111851
0.435900
0.355297
0.949570
0.005952
0.954103
0.994787
0.249674
0.569397
0.743972
0.602314
0.580645
0.394123
0.969555
0.980609
0.253207
0.166477
0.279298
0.229613
0.821130
0.009927
0.991457
0.605570
0.258815
0.739341
0.991919
0.742659
0.390661
0.924059
0.247035
0.197548
0.123253
0.990906
0.690225
0.034663
0.940371
0.923779
0.180440
0.939158
0.079572
0.581487
0.946342
0.997402
0.131916
0.150251
0.716215
0.626487
0.389156
0.254843
0.086464
0.900219
0.902156
0.001670
0.160279
0.518468
0.084748
0.993476
0.867116
0.051426
0.053476
0.859504
0.369498
0.969425
0.595077
0.985920
0.992547
0.001050
0.467179
0.311264
0.499740
0.802121
0.637452
0.051705
0.579838
0.773273
0.336110
0.015080
0.121132
0.081787
0.023180
0.071070
0.546721
0.709357
0.000578
0.998338
0.003928
0.849653
0.028771
0.151637
0.573276
0.110010
0.112290
0.021595
0.176303
0.191227
0.041083
0.016125
0.011902
0.487452
0.004992
0.214322
0.008434
0.398401
0.219557
0.741178
0.234552
0.550534
0.656895
0.003786
0.208980
0.997765
0.166715
0.354378
0.143068
0.960333
0.970567
0.955930
0.898029
0.170647
0.367939
0.012787
0.009475
0.131346
0.326769
0.998492
0.910615
0.869929
0.003127
0.014282
0.912595
0.008675
0.365924
0.742537
0.952841
0.969822
0.704708
0.681939
0.988674
0.206668
0.019144
0.003093
0.989012
0.908756
0.966839
0.739933
0.825360
0.928420
0.953693
0.260818
0.022881
0.358549
0.837432
0.934552
0.903351
0.788110
0.998269
0.969535
0.240562
0.154811
0.070448
0.466197
0.542091
0.952365
0.885916
0.551423
0.328002
0.616869
0.661960
0.994261
0.439060
0.003985
0.904806
0.011041
0.941272
0.797284
0.898599
0.986065
0.807435
0.860843
0.007809
0.970754
0.052215
0.903907
0.249659
0.009567
0.961447
0.611163
0.935092
0.060141
0.997261
0.835709
0.011077
0.217685
0.981961
0.984537
0.498975
0.894266
0.220939
0.246287
0.973672
0.861826
0.486081
0.784773
0.979514
0.354154
0.011680
0.353446
0.250782
0.994826
0.003227
0.671936
0.890759
0.946006
0.211558
0.979897
0.078180
0.078452
0.927023
0.608314
0.076683
0.135839
0.755195
0.031520
0.421941
0.955940
0.956553
0.230378
0.089297
0.965847
0.957600
0.634026
0.810755
0.166712
0.435071
0.573196
0.601923
0.074561
0.618068
0.646751
0.857680
0.551085
0.985860
0.540652
0.954206
0.643850
0.022309
0.959058
0.180401
0.294426
0.464910
0.705544
0.933419
0.944191
0.483198
0.012106
0.992535
0.797661
0.115515
0.922832
0.745131
0.712293
0.770785
0.912096
0.996477
0.000173
0.162470
0.102912
0.825985
0.015477
0.320037
0.300074
0.466617
0.053841
0.947022
0.733989
0.888729
0.971125
0.191997
0.712412
0.853896
0.953744
0.213052
0.895759
0.475684
0.265018
0.795644
0.181398
0.003974
0.694721
0.952164
0.761392
0.574587
0.775706
0.024087
0.709844
0.169703
0.559419
0.003683
0.337148
0.086016
0.044465
0.139778
0.367820
0.107344
0.028054
0.152587
0.083287
0.045285
0.723489
0.214815
0.720265
0.868348
0.999918
0.019250
0.118239
0.932731
0.470856
0.483531
0.001474
0.479635
0.671149
0.420363
0.019681
0.096803
0.626926
0.957035
0.609364
0.398840
0.953187
0.756790
0.560476
0.018964
0.038373
0.146169
0.001684
0.314140
0.775598
0.228493
0.958541
0.422143
0.963069
0.647683
0.031821
0.731958
0.001348
0.906495
0.257703
0.957745
0.731908
0.030911
0.977050
0.000585
0.219432
0.607500
0.597904
0.883227
0.695997
0.799156
0.005893
0.032781
0.980202
0.266358
0.732622
0.901493
0.818867
0.435921
0.376672
0.017886
0.222085
0.022242
0.315734
0.124657
0.029075
0.115931
0.392064
0.175621
0.016440
0.862541
0.406235
0.859134
0.061555
0.675044
0.020887
0.827551
0.082488
0.233894
0.212147
0.164350
0.054598
0.930247
0.013734
0.988018
0.395798
0.480208
0.634423
0.004367
0.976574
0.768735
0.789202
0.903470
0.721373
0.243016
0.109723
0.129657
0.993638
0.726974
0.091599
0.972359
0.460340
0.162134
0.006616
0.680050
0.009590
0.240137
0.000083
0.929916
0.261599
0.217682
0.384597
0.921306
0.117267
0.966943
0.879731
0.362882
0.969069
0.644198
0.336968
0.162153
0.901148
0.078201
0.675984
0.563726
0.001443
0.981903
0.572849
0.865256
0.868799
0.127579
0.515246
0.967562
0.094022
0.001967
0.909377
0.215256
0.007363
0.182864
0.382735
0.757075
0.034152
0.970675
0.992706
0.896835
0.012798
0.262204
0.352716
0.968698
0.317572
0.288502
0.669426
0.821505
0.996498
0.606023
0.996534
0.374238
0.769315
0.926108
0.843359
0.778941
0.551726
0.985438
0.758027
0.918139
0.814026
0.098382
0.055124
0.661505
0.994573
0.702500
0.892523
0.040766
0.004932
0.823152
0.701821
0.019527
0.191780
0.038885
0.803354
0.692883
0.628988
0.716532
0.001171
0.387503
0.791373
0.689939
0.004788
0.132789
0.970999
0.952951
0.950475
0.998273
0.839927
0.194615
0.488765
0.953040
0.000993
0.886559
0.999426
0.099219
0.139939
0.989395
0.963269
0.379572
0.541721
0.824365
0.943848
0.926388
0.471014
0.984557
0.472224
0.000872
0.135997
0.014043
0.000049
0.540521
0.010940
0.047850
0.721919
0.820689
0.531846
0.250713
0.355025
0.061220
0.696920
0.029193
0.747578
0.970660
0.277221
0.941970
0.140567
0.187383
0.057629
0.005857
0.937317
0.903974
0.901538
0.906097
0.898973
0.364162
0.966892
0.920868
0.715786
0.918430
0.460106
0.301806
0.580271
0.737417
0.914633
0.567514
0.082614
0.011006
0.710429
0.234107
0.018072
0.280457
0.236141
0.673980
0.674922
0.771049
0.855508
0.906692
0.908744
0.251151
0.597305
0.907908
0.538126
0.335425
0.554797
0.417687
0.061952
0.745064
0.972388
0.999352
0.657620
0.464007
0.051646
0.632296
0.927592
0.019903
0.991563
0.875711
0.076766
0.291603
0.680505
0.440877
0.545568
0.782499
0.865397
0.511086
0.977850
0.483379
0.848998
0.899452
0.995720
0.274081
0.850788
0.076789
0.258586
0.006558
0.062178
0.433231
0.988568
0.029847
0.000941
0.445093
0.380996
0.700177
0.000932
0.940530
0.884740
0.878653
0.704174
0.287925
0.943895
0.009047
0.247000
0.909468
0.416136
0.933899
0.789228
0.911591
0.964148
0.548704
0.588594
0.024241
0.156216
0.027346
0.136483
0.983595
0.110795
0.854977
0.005036
0.975328
0.338531
0.011322
0.510078
0.147034
0.597761
0.635477
0.955723
0.951832
0.266895
0.294307
0.642841
0.750212
0.522779
0.915525
0.008170
0.960744
0.032592
0.986847
0.149297
0.992308
0.031424
0.911913
0.017328
0.155838
0.994025
0.677089
0.465212
0.011034
0.004829
0.712945
0.358898
0.927742
0.002304
0.995025
0.430697
0.523667
0.858324
0.989734
0.565916
0.012146
0.396000
0.812723
0.506416
0.573006
0.299890
0.249917
0.596486
0.719487
0.940982
0.546098
0.214151
0.985029
0.567066
0.404536
0.880848
0.066568
0.849723
0.078630
0.968308
0.055097
0.822384
0.170065
0.351108
0.709405
0.849423
0.977009
0.976794
0.013342
0.013928
0.622057
0.745038
0.465325
0.993715
0.003378
0.729367
0.145398
0.771939
0.389175
0.112840
0.998881
0.916271
0.809169
0.884416
0.919102
0.019107
0.670418
0.848158
0.418931
0.413858
0.986378
0.982449
0.736170
0.036077
0.637288
0.315818
0.661976
0.936319
0.716468
0.773464
0.137081
0.117357
0.833417
0.135901
0.551706
0.470892
0.965233
0.071125
0.362385
0.005157
0.011992
0.077678
0.765002
0.832619
0.998881
0.003613
0.002716
0.962352
0.173828
0.194104
0.721717
0.998642
0.243391
0.803227
0.948395
0.013823
0.280732
0.293518
0.953232
0.024876
0.173810
0.253114
0.918833
0.585223
0.894310
0.249964
0.888531
0.995143
0.696964
0.365589
0.968628
0.905379
0.543057
0.991547
0.778179
0.116413
0.700518
0.546142
0.733023
0.205229
0.887441
0.329548
0.978989
0.301205
0.063556
0.976807
0.859798
0.823902
0.036468
0.602363
0.660883
0.500921
0.959976
0.898950
0.121309
0.219078
0.793399
0.714398
0.000012
0.437101
0.135395
0.026106
0.016696
0.820287
0.048903
0.976737
0.376098
0.721935
0.201019
0.998480
0.012526
0.943267
0.977433
0.108293
0.590325
0.854352
0.212098
0.621011
0.785686
0.028953
0.996944
0.523875
0.892333
0.533924
0.871233
0.797897
0.532489
0.950347
0.275871
0.667770
0.987077
0.154090
0.953130
0.911047
0.880390
0.872248
0.804235
0.618186
0.718300
0.998100
0.995999
0.033912
0.972212
0.000220
0.976182
0.737760
0.475469
0.876594
0.124197
0.979864
0.871713
0.833767
0.143128
0.000324
0.431741
0.052434
0.061965
0.231323
0.415460
0.672138
0.986422
0.927520
0.462011
0.908829
0.895695
0.998579
0.050016
0.145004
0.055019
0.997665
0.000585
0.934779
0.779714
0.702170
0.999873
0.706676
0.728700
0.015375
0.130923
0.109938
0.255886
0.031810
0.561039
0.188769
0.486073
0.740293
0.504094
0.433796
0.973834
0.939950
0.787798
0.012101
0.173375
0.346775
0.095884
0.988990
0.876693
0.036406
0.378205
0.064572
0.978408
0.826420
0.000811
0.250384
0.243271
0.638644
0.508964
0.640550
0.007376
0.414365
0.326369
0.954491
0.881735
0.973783
0.963613
0.860145
0.868455
0.010263
0.755819
0.987376
0.874941
0.789061
0.972614
0.099941
0.001092
0.250032
0.205211
0.983024
0.176570
0.961773
0.988442
0.044709
0.479323
0.964530
0.000008
0.043185
0.000446
0.797044
0.751969
0.519690
0.064168
0.653130
0.393428
0.588807
0.128856
0.930692
0.675349
0.828896
0.037123
0.205021
0.657188
0.952568
0.579197
0.374514
0.028939
0.959187
0.684849
0.036888
0.979083
0.913298
0.743528
0.817531
0.403549
0.972885
0.844176
0.708296
0.071189
0.906526
0.582932
0.014898
0.104422
0.000326
0.306184
0.109957
0.085669
0.256140
0.336683
0.217589
0.285176
0.299139
0.335555
0.897650
0.007234
0.682930
0.705848
0.511028
0.161645
0.523877
0.744708
0.527038
0.670537
0.942241
0.040695
0.000331
0.975378
0.760778
0.078887
0.896879
0.399748
0.906035
0.362277
0.755082
0.927722
0.033363
0.968423
0.981374
0.390954
0.025415
0.000839
0.990216
0.740507
0.073430
0.125771
0.430823
0.429246
0.374579
0.995877
0.303956
0.993921
0.188523
0.952497
0.080947
0.102008
0.382275
0.990583
0.803604
0.813521
0.672309
0.111606
0.534656
0.944221
0.982873
0.995097
0.054067
0.985885
0.162345
0.016815
0.583278
0.004742
0.937285
0.043289
0.141205
0.013257
0.982857
0.929835
0.007012
0.962295
0.001131
0.995209
0.179069
0.177784
0.021439
0.767606
0.844700
0.180706
0.583036
0.999952
0.115522
0.018930
0.799395
0.692880
0.035667
0.228138
0.915396
0.930305
0.998213
0.868626
0.954679
0.907797
0.049752
0.800742
0.971454
0.011976
0.955927
0.992418
0.305049
0.623854
0.893275
0.973058
0.217925
0.069526
0.392340
0.208550
0.989864
0.001424
0.342860
0.009593
0.941357
0.832680
0.828319
0.966036
0.011984
0.600749
0.010016
0.003187
0.039544
0.050601
0.983779
0.915408
0.412959
0.885998
0.005458
0.116615
0.192756
0.189684
0.918619
0.039116
0.048295
0.004125
0.028400
0.691638
0.652539
0.006100
0.990383
0.881291
0.011537
0.727802
0.029289
0.859762
0.844434
0.152987
0.489330
0.138050
0.945563
0.174314
0.171381
0.353204
0.611946
0.966628
0.747635
0.013462
0.154181
0.805270
0.948829
0.740927
0.611483
0.003669
0.396427
0.961814
0.000651
0.001300
0.117788
0.009577
0.050183
0.265779
0.576711
0.790839
0.434566
0.975726
0.142180
0.703414
0.554703
0.462614
0.001347
0.975776
0.677794
0.554327
0.750505
0.975577
0.840430
0.191402
0.100220
0.868401
0.953624
0.105391
0.033381
0.134384
0.558309
0.470232
0.798746
0.960094
0.953704
0.166897
0.599169
0.188177
0.721367
0.020194
0.596602
0.132700
0.013606
0.890138
0.007563
0.000226
0.000098
0.822601
0.353015
0.631967
0.531611
0.994079
0.985042
0.880602
0.127310
0.050872
0.132864
0.734435
0.672815
0.001538
0.411779
0.056360
0.009677
0.446701
0.079219
0.751425
0.991676
0.956122
0.522602
0.989751
0.535124
0.961141
0.070299
0.682505
0.148100
0.015390
0.046390
0.964782
0.642596
0.959787
0.915895
0.006089
0.973558
0.235659
0.805701
0.073729
0.404920
0.537356
0.876479
0.935594
0.004450
0.973692
0.958452
0.016071
0.956821
0.063659
0.611699
0.283575
0.255472
0.357509
0.838724
0.863367
0.718082
0.034581
0.705291
0.014521
0.320624
0.993769
0.835653
0.903292
0.875101
0.009530
0.271593
0.429883
0.013723
0.860784
0.638680
0.055616
0.000212
0.053283
0.860073
0.859918
0.166127
0.993663
0.265958
0.002064
0.015431
0.063103
0.024042
0.387918
0.507647
0.036761
0.544732
0.816990
0.891285
0.982468
0.016321
0.197342
0.961316
0.094589
0.680549
0.013875
0.140725
0.730820
0.215125
0.356756
0.949842
0.375701
0.399539
0.036099
0.667109
0.050234
0.992984
0.997907
0.033768
0.714873
0.315181
0.893380
0.625256
0.489820
0.007361
0.265657
0.131273
0.842243
0.352354
0.013515
0.000357
0.111479
0.927390
0.171832
0.778551
0.325069
0.320963
0.071054
0.896171
0.781189
0.585866
0.551885
0.992119
0.614095
0.769793
0.199863
0.962326
0.931027
0.849737
0.997610
0.010527
0.000683
0.765771
0.705414
0.889414
0.997055
0.981887
0.857891
0.036122
0.065735
0.967085
0.309860
0.123703
0.967493
0.001835
0.150815
0.002379
0.890157
0.771142
0.992496
0.980948
0.809398
0.046406
0.117419
0.552507
0.979151
0.164196
0.062937
0.121274
0.832298
0.147198
0.330175
0.122829
0.096924
0.338278
0.846747
0.179776
0.007442
0.446003
0.056468
0.386483
0.006863
0.783234
0.984076
0.000007
0.621685
0.021042
0.016100
0.037774
0.173511
0.656610
0.865167
0.969144
0.967511
0.048514
0.768134
0.223601
0.258764
0.242075
0.782789
0.347004
0.001550
0.026295
0.830361
0.110358
0.931819
0.320747
0.575777
0.996369
0.001056
0.352363
0.758091
0.974089
0.018984
0.000086
0.962803
0.024568
0.314391
0.841301
0.003068
0.511075
0.174316
0.981158
0.891123
0.935011
0.021240
0.800037
0.995431
0.812990
0.489329
0.462712
0.071787
0.714325
0.998339
0.241004
0.801237
0.933633
0.034641
0.068158
0.856954
0.011503
0.868717
0.177638
0.745251
0.000208
0.006828
0.812602
0.009743
0.839076
0.433568
0.298976
0.393865
0.055295
0.998033
0.022859
0.673463
0.000018
0.879134
0.007055
0.995226
0.070739
0.626022
0.010159
0.472187
0.886022
0.327767
0.450950
0.054230
0.910740
0.999566
0.403392
0.658503
0.999672
0.745186
0.406409
0.061441
0.083628
0.966157
0.970818
0.585952
0.187113
0.027748
0.993490
0.947398
0.000393
0.120950
0.795217
0.723264
0.000016
0.145053
0.030441
0.934307
0.511351
0.009201
0.821033
0.992082
0.758321
0.880219
0.112191
0.990190
0.562063
0.648082
0.190198
0.953990
0.059372
0.836517
0.844113
0.665567
0.314602
0.112478
0.855298
0.894187
0.732194
0.036843
0.256917
0.097728
0.932812
0.799755
0.002563
0.136499
0.004121
0.345845
0.986285
0.989427
0.678859
0.013014
0.249338
0.998116
0.876804
0.005486
0.868606
0.950399
0.778294
0.167325
0.767092
0.497372
0.920145
0.202874
0.993419
0.580637
0.643810
0.465116
0.594532
0.581403
0.020452
0.041397
0.972555
0.991327
0.725146
0.936136
0.752318
0.065399
0.625240
0.138207
0.001064
0.829570
0.039058
0.030533
0.827613
0.791457
0.013679
0.660962
0.130823
0.278035
0.021428
0.572995
0.968614
0.898443
0.498789
0.949887
0.001159
0.984214
0.617153
0.003364
0.386584
0.297409
0.146278
0.996927
0.008500
0.934643
0.845064
0.500238
0.343904
0.435246
0.995353
0.409137
0.248250
0.839136
0.912679
0.434784
0.319351
0.897976
0.452715
0.097886
0.137451
0.600669
0.998381
0.020800
0.488346
0.247126
0.354134
0.959961
0.012995
0.866369
0.532452
0.917140
0.572955
0.020995
0.116366
0.031980
0.166663
0.949804
0.859769
0.980840
0.817154
0.672456
0.969574
0.132082
0.917194
0.006473
0.001997
0.483716
0.339572
0.213499
0.001565
0.015750
0.962429
0.228803
0.985603
0.147736
0.307202
0.000029
0.870505
0.404125
0.976485
0.651356
0.004348
0.859057
0.546216
0.082465
0.898836
0.999037
0.662451
0.049024
0.314003
0.047152
0.379729
0.503121
0.133918
0.029968
0.437805
0.002820
0.817376
0.983211
0.786195
0.684819
0.165003
0.038724
0.580113
0.903237
0.014699
0.742193
0.567235
0.661868
0.636428
0.928114
0.829385
0.999899
0.557698
0.050467
0.637102
0.962940
0.002768
0.406195
0.084868
0.459716
0.708184
0.063637
0.945404
0.830590
0.194353
0.741286
0.000189
0.204119
0.284425
0.985693
0.814466
0.815001
0.844147
0.442305
0.611589
0.666058
0.281726
0.080218
0.879854
0.671820
0.073862
0.081588
0.015857
0.027992
0.240252
0.102632
0.150743
0.991688
0.794344
0.010762
0.324502
0.722945
0.975939
0.895971
0.997920
0.891507
0.835543
0.537638
0.407662
0.949449
0.068877
0.843804
0.113429
0.957455
0.057896
0.278184
0.929370
0.974902
0.665211
0.014593
0.988212
0.989532
0.786832
0.022697
0.847489
0.872493
0.972268
0.048678
0.001393
0.997310
0.835338
0.006688
0.184843
0.001023
0.409866
0.001894
0.988167
0.037871
0.579865
0.999936
0.952831
0.702993
0.712599
0.996612
0.918663
0.903774
0.756310
0.401846
0.987663
0.004016
0.138544
0.922332
0.378001
0.082030
0.107606
0.165275
0.991791
0.800233
0.081276
0.257421
0.995271
0.008197
0.112942
0.662282
0.950294
0.971777
0.967674
0.980009
0.599065
0.309203
0.006300
0.488414
0.430671
0.061423
0.130531
0.969531
0.017189
0.781131
0.281800
0.804138
0.011408
0.414084
0.113365
0.006702
0.695252
0.999477
0.997801
0.360894
0.063906
0.965847
0.185798
0.269422
0.000608
0.009141
0.917237
0.812466
0.386508
0.954656
0.776472
0.812321
0.041335
0.045915
0.003721
0.992589
0.988829
0.703594
0.014869
0.007247
0.013913
0.789491
0.089220
0.981423
0.346810
0.538561
0.711361
0.334033
0.396546
0.560673
0.825979
0.015257
0.913990
0.995761
0.021738
0.281290
0.098610
0.003181
0.173351
0.854018
0.724318
0.034365
0.000811
0.589351
0.864774
0.390815
0.013130
0.838599
0.804449
0.895293
0.275459
0.002230
0.015150
0.864221
0.992494
0.791519
0.339943
0.585414
0.877318
0.616309
0.923763
0.037154
0.265853
0.575650
0.997298
0.994716
0.896349
0.044764
0.993925
0.934405
0.904615
0.294672
0.075639
0.930181
0.558400
0.338821
0.010608
0.963102
0.041575
0.760763
0.418500
0.010218
0.000010
0.033414
0.025071
0.947552
0.977277
0.226374
0.182601
0.027572
0.532048
0.047816
0.018440
0.146633
0.171849
0.975203
0.003441
0.917878
0.973302
0.077494
0.024269
0.052765
0.939037
0.900361
0.062344
0.144558
0.208032
0.091699
0.824636
0.689162
0.822461
0.994068
0.017599
0.060254
0.998764
0.135449
0.585127
0.456270
0.014153
0.638944
0.208206
0.169268
0.997988
0.709365
0.480560
0.050298
0.069990
0.779042
0.261111
0.397005
0.030835
0.676186
0.975312
0.222170
0.992682
0.083172
0.002906
0.877661
0.119389
0.017936
0.993342
0.066128
0.387951
0.173400
0.998948
0.513146
0.324398
0.290138
0.994064
0.044731
0.824938
0.614618
0.909916
0.899591
0.065698
0.947843
0.571188
0.222471
0.018435
0.675799
0.948288
0.869103
0.398988
0.010489
0.506697
0.146840
0.211222
0.968505
0.027318
0.031309
0.879440
0.014721
0.445819
0.980380
0.996563
0.186383
0.995021
0.022998
0.928627
0.242094
0.096433
0.934824
0.998027
0.023897
0.010630
0.953431
0.015294
0.962581
0.993995
0.922061
0.781844
0.001288
0.257499
0.867353
0.000755
0.844574
0.415231
0.878007
0.915002
0.444308
0.475147
0.220624
0.336477
0.055435
0.071932
0.993237
0.582841
0.028966
0.982278
0.930184
0.080964
0.000740
0.866343
0.973623
0.008353
0.367201
0.968232
0.992186
0.836645
0.649269
0.016649
0.006179
0.164390
0.874113
0.706274
0.001095
0.970125
0.777068
0.758808
0.869195
0.532239
0.999376
0.928452
0.425329
0.108566
0.263202
0.002412
0.875200
0.286475
0.275120
0.034459
0.861581
0.949625
0.601042
0.078727
0.119677
0.029490
0.941158
0.564714
0.862290
0.505777
0.975174
0.015754
0.160733
0.000061
0.080476
0.339166
0.038141
0.000153
0.141812
0.761219
0.534641
0.102095
0.776616
0.702876
0.900006
0.132127
0.945748
0.067162
0.711516
0.864754
0.929957
0.944656
0.960458
0.811954
0.745290
0.027661
0.165954
0.962727
0.018175
0.832866
0.442721
0.106210
0.002964
0.990208
0.415252
0.929052
0.815923
0.073021
0.016543
0.064443
0.097365
0.941454
0.840696
0.082222
0.146956
0.864157
0.921108
0.470363
0.000031
0.015699
0.988295
0.408006
0.807440
0.983934
0.067829
0.200227
0.882396
0.441622
0.487788
0.047832
0.002547
0.188690
0.913128
0.947299
0.120215
0.634528
0.993527
0.001101
0.270772
0.227927
0.009210
0.978596
0.103555
0.003682
0.000036
0.200031
0.007431
0.522557
0.699057
0.437311
0.567983
0.966816
0.267148
0.000041
0.177157
0.014084
0.883438
0.636608
0.605443
0.203886
0.707743
0.989387
0.524197
0.805303
0.941046
0.912349
0.655401
0.864219
0.931291
0.817216
0.304504
0.880115
0.912215
0.162501
0.173562
0.238612
0.483168
0.669745
0.972881
0.890054
0.796016
0.044575
0.729450
0.031717
0.769626
0.450966
0.321769
0.422184
0.539623
0.478628
0.281879
0.987227
0.390131
0.879247
0.500168
0.367169
0.024628
0.014634
0.969659
0.574821
0.015625
0.999380
0.477067
0.270135
0.732308
0.117464
0.908611
0.988643
0.533540
0.217396
0.390775
0.906575
0.930958
0.995585
0.875829
0.526768
0.349027
0.763939
0.002137
0.306980
0.999896
0.015896
0.450728
0.957431
0.233391
0.841258
0.047128
0.062359
0.052963
0.586187
0.209170
0.198832
0.007387
0.572498
0.055281
0.007863
0.008565
0.972958
0.998236
0.153716
0.047908
0.522731
0.246513
0.855088
0.439079
0.189945
0.193731
0.415007
0.245509
0.041199
0.440499
0.999885
0.991002
0.992991
0.327678
0.111903
0.524561
0.801832
0.852780
0.502784
0.218542
0.827150
0.742158
0.065107
0.194323
0.991210
0.438277
0.983364
0.368475
0.706122
0.198170
0.782032
0.742918
0.056933
0.516970
0.097871
0.979711
0.466666
0.077954
0.774853
0.000969
0.980022
0.684291
0.029166
0.268648
0.450811
0.264829
0.964106
0.385554
0.013620
0.953785
0.006281
0.461005
0.998358
0.174441
0.996258
0.664876
0.872032
0.978538
0.245992
0.525976
0.794410
0.335183
0.976378
0.586781
0.420355
0.029692
0.024866
0.991431
0.712000
0.013419
0.943504
0.746974
0.738403
0.152050
0.680267
0.014295
0.106713
0.668788
0.056575
0.757659
0.038377
0.860162
0.358306
0.779921
0.001214
0.666255
0.978498
0.875052
0.208301
0.186808
0.030934
0.957078
0.161052
0.907376
0.294191
0.900696
0.212446
0.166180
0.275328
0.983420
0.553355
0.490473
0.173209
0.689863
0.024349
0.939932
0.821780
0.009476
0.000194
0.313504
0.004563
0.745542
0.008538
0.402334
0.000316
0.622322
0.658568
0.062445
0.162689
0.584184
0.996446
0.932867
0.029333
0.635109
0.364275
0.591455
0.406912
0.983215
0.414409
0.004320
0.874951
0.262269
0.998087
0.232693
0.633612
0.677407
0.991676
0.256169
0.237261
0.535026
0.002690
0.164976
0.797121
0.847577
0.651865
0.076582
0.925735
0.309047
0.667662
0.159038
0.884046
0.566973
0.997366
0.780231
0.708588
0.378709
0.118701
0.956352
0.011501
0.789225
0.475259
0.980987
0.058201
0.035875
0.943665
0.401438
0.962820
0.961242
0.907322
0.886699
0.722906
0.356290
0.014860
0.031156
0.162250
0.880532
0.010026
0.255756
0.092931
0.345453
0.978349
0.019342
0.057207
0.975561
0.072961
0.006312
0.000057
0.006419
0.420628
0.439676
0.818135
0.825675
0.244976
0.003738
0.394596
0.251147
0.967630
0.610582
0.975490
0.942593
0.998175
0.081246
0.862158
0.770987
0.062942
0.712218
0.800740
0.916411
0.008486
0.014562
0.007876
0.000446
0.101864
0.510317
0.936543
0.107699
0.616943
0.655869
0.827804
0.884555
0.039208
0.782162
0.698110
0.671526
0.151908
0.919124
0.346692
0.893780
0.943815
0.001270
0.958164
0.816894
0.387551
0.216693
0.967275
0.247586
0.748044
0.126123
0.961053
0.866026
0.061020
0.623433
0.031499
0.753633
0.995644
0.348165
0.839805
0.622678
0.961312
0.155730
0.463044
0.866006
0.973488
0.791049
0.978918
0.346453
0.070990
0.923930
0.792213
0.027696
0.373935
0.964045
0.061369
0.123376
0.932504
0.729860
0.961214
0.927672
0.851533
0.659006
0.000133
0.982461
0.986933
0.974727
0.034616
0.841893
0.948019
0.650152
0.021461
0.120548
0.014446
0.024351
0.871158
0.035580
0.978898
0.094411
0.012358
0.329479
0.001237
0.409686
0.014861
0.701773
0.407193
0.991147
0.146725
0.010418
0.958798
0.957494
0.014237
0.944212
0.003467
0.982603
0.210909
0.993441
0.895557
0.872351
0.044398
0.226556
0.182194
0.210812
0.380554
0.979695
0.633784
0.093928
0.978719
0.039759
0.009118
0.651103
0.240707
0.008695
0.142351
0.857364
0.760590
0.998022
0.033913
0.922410
0.681163
0.996926
0.221696
0.940579
0.970412
0.813767
0.561095
0.742982
0.806394
0.647543
0.622935
0.041113
0.999041
0.586668
0.853012
0.000819
0.025786
0.997193
0.953392
0.847786
0.829329
0.005306
0.703335
0.130017
0.936700
0.410635
0.879591
0.231645
0.875588
0.866900
0.546561
0.049158
0.862036
0.927355
0.001718
0.012377
0.619288
0.304929
0.154743
0.325176
0.832254
0.810293
0.778295
0.027420
0.977540
0.992910
0.371446
0.944679
0.326860
0.263028
0.085472
0.682850
0.849127
0.283693
0.965264
0.732400
0.049007
0.334979
0.571488
0.093149
0.953948
0.143026
0.043309
0.456835
0.649480
0.936064
0.242538
0.687634
0.216478
0.716487
0.024599
0.828216
0.261359
0.236444
0.779526
0.017743
0.796721
0.581443
0.000426
0.065428
0.882764
0.137384
0.193349
0.788662
0.253670
0.363991
0.985807
0.007736
0.357250
0.020130
0.121620
0.721377
0.722455
0.943579
0.880521
0.472075
0.843126
0.119034
0.051101
0.019298
0.204734
0.252217
0.096342
0.850724
0.771191
0.046634
0.971453
0.004680
0.834717
0.001071
0.994372
0.833236
0.766490
0.466808
0.981841
0.963968
0.000036
0.268561
0.728629
0.224292
0.090170
0.962637
0.875473
0.835847
0.697231
0.084423
0.009585
0.429601
0.594309
0.005599
0.578510
0.016213
0.132346
0.670577
0.837675
0.924461
0.798291
0.000116
0.280929
0.396243
0.783804
0.381366
0.143869
0.799566
0.463363
0.038836
0.984752
0.884124
0.978075
0.976069
0.758488
0.000012
0.030803
0.984114
0.049728
0.000677
0.983567
0.836579
0.243802
0.508766
0.664561
0.548207
0.110086
0.387347
0.778407
0.644459
0.931860
0.860951
0.963620
0.745336
0.175154
0.933478
0.006067
0.912792
0.954881
0.751115
0.973550
0.747642
0.022084
0.308483
0.988401
0.375674
0.928771
0.059297
0.027379
0.963609
0.814185
0.108519
0.809707
0.964753
0.084815
0.524024
0.438656
0.999489
0.906374
0.685122
0.345884
0.075278
0.004398
0.003633
0.344562
0.247958
0.164161
0.653499
0.950191
0.069785
0.224073
0.939837
0.175842
0.926875
0.046553
0.823195
0.966148
0.649140
0.203099
0.035266
0.003488
0.906694
0.863113
0.001086
0.001752
0.494087
0.126371
0.008003
0.865621
0.896515
0.094237
0.017182
0.925552
0.047454
0.011331
0.950185
0.045408
0.001745
0.688184
0.587546
0.937117
0.584312
0.167851
0.701703
0.999534
0.000295
0.733837
0.180397
0.000398
0.314654
0.092782
0.949072
0.002284
0.000531
0.134374
0.763762
0.167346
0.999659
0.063207
0.921094
0.315181
0.133341
0.478018
0.002774
0.737340
0.251458
0.321520
0.280527
0.082928
0.080553
0.235787
0.517865
0.758512
0.146109
0.001063
0.961787
0.953219
0.918064
0.925906
0.021034
0.465451
0.472028
0.590551
0.945842
0.953778
0.134125
0.573613
0.948412
0.415784
0.104711
0.016053
0.539549
0.935500
0.869501
0.921597
0.905152
0.226020
0.982384
0.964558
0.987347
0.346818
0.843165
0.993108
0.978221
0.017511
0.024726
0.825583
0.616307
0.054708
0.075420
0.039438
0.038081
0.010168
0.076278
0.999961
0.991896
0.881530
0.726826
0.999576
0.343507
0.550221
0.542752
0.299875
0.006287
0.452856
0.705133
0.979705
0.285950
0.980806
0.874009
0.256579
0.008322
0.150144
0.000053
0.898726
0.148005
0.001065
0.450070
0.111813
0.432111
0.122560
0.815889
0.874723
0.042061
0.961799
0.037820
0.548528
0.985515
0.359982
0.165385
0.943309
0.866920
0.457739
0.757504
0.921087
0.078446
0.056550
0.090507
0.968243
0.744349
0.970739
0.245952
0.999883
0.022005
0.958516
0.072471
0.984534
0.869308
0.980674
0.225502
0.889554
0.883805
0.981322
0.008624
0.227881
0.696290
0.200015
0.791955
0.281579
0.517384
0.084711
0.962361
0.010186
0.860541
0.849062
0.755391
0.008780
0.148547
0.759680
0.005173
0.126705
0.851912
0.915145
0.086782
0.927951
0.160613
0.980820
0.394083
0.769945
0.561905
0.306935
0.098361
0.897086
0.017960
0.994969
0.828107
0.000187
0.036450
0.914711
0.000564
0.427461
0.475396
0.342691
0.494243
0.907855
0.980687
0.242004
0.758153
0.002730
0.921730
0.660470
0.902567
0.181645
0.451208
0.658022
0.027967
0.610915
0.268681
0.918372
0.957267
0.181309
0.877650
0.447672
0.102373
0.363407
0.196106
0.585791
0.060120
0.749471
0.161831
0.228919
0.262675
0.834428
0.748624
0.970473
0.621093
0.588623
0.969077
0.818824
0.281147
0.908793
0.702584
0.205439
0.016139
0.242219
0.857918
0.766808
0.910392
0.437599
0.993148
0.063513
0.244585
0.941526
0.559066
0.017673
0.459163
0.162951
0.667456
0.425980
0.936050
0.036100
0.891861
0.998123
0.068360
0.995505
0.001480
0.306390
0.210616
0.126831
0.857282
0.012200
0.065857
0.969741
0.106924
0.767821
0.953699
0.044008
0.932912
0.831079
0.671890
0.932006
0.391718
0.992712
0.008174
0.887716
0.267212
0.008989
0.865778
0.167259
0.278525
0.593957
0.687745
0.393265
0.947743
0.005168
0.611355
0.888611
0.451079
0.978378
0.007831
0.967980
0.072966
0.085061
0.221718
0.944250
0.013789
0.039071
0.191283
0.771905
0.774804
0.704204
0.054725
0.309455
0.923067
0.730938
0.127258
0.097832
0.940609
0.512230
0.162979
0.731714
0.582421
0.012446
0.982570
0.049397
0.996659
0.013837
0.313168
0.075944
0.897424
0.149938
0.032595
0.933021
0.967754
0.029532
0.002731
0.906113
0.999823
0.545964
0.815623
0.556438
0.257404
0.004234
0.049780
0.954406
0.983407
0.608970
0.241341
0.103977
0.526944
0.505735
0.258795
0.798096
0.002106
0.843471
0.960826
0.026510
0.096404
0.976090
0.263905
0.004655
0.090853
0.967628
0.693637
0.597129
0.132678
0.048455
0.523320
0.928402
0.763435
0.993321
0.014154
0.863071
0.956526
0.906349
0.962807
0.045861
0.972094
0.002439
0.021473
0.552518
0.264182
0.967771
0.059681
0.873778
0.427045
0.449126
0.239130
0.728648
0.224814
0.012116
0.375009
0.991328
0.627581
0.177638
0.390360
0.193274
0.178549
0.629224
0.502025
0.993382
0.920797
0.193325
0.997508
0.165175
0.271677
0.994447
0.678135
0.969655
0.768055
0.727301
0.015382
0.951462
0.643946
0.626356
0.695170
0.069941
0.122560
0.121831
0.261062
0.040123
0.961688
0.519111
0.326561
0.600139
0.032694
0.961869
0.004756
0.119033
0.834517
0.356263
0.653881
0.280391
0.998121
0.720003
0.981587
0.678429
0.910650
0.635864
0.000325
0.984866
0.038359
0.782355
0.809819
0.858132
0.106597
0.342568
0.582554
0.905899
0.132077
0.846444
0.008028
0.991768
0.575645
0.003768
0.707126
0.016113
0.799523
0.604886
0.983130
0.552661
0.227304
0.078232
0.853070
0.267280
0.390819
0.294878
0.207870
0.339000
0.028304
0.000366
0.958354
0.979154
0.709876
0.490581
0.957793
0.043061
0.171272
0.060038
0.060345
0.791906
0.312669
0.033153
0.146937
0.317151
0.942009
0.853220
0.377365
0.924938
0.736817
0.061126
0.955274
0.592847
0.794778
0.974435
0.013193
0.637646
0.661205
0.890899
0.882753
0.660761
0.085377
0.004201
0.824395
0.386601
0.256019
0.785129
0.066735
0.867716
0.745179
0.985690
0.003724
0.037813
0.029929
0.125649
0.695421
0.406610
0.029336
0.012813
0.739000
0.717013
0.879183
0.010486
0.991239
0.058372
0.050323
0.908918
0.848406
0.004052
0.341187
0.799316
0.999043
0.616053
0.791798
0.013276
0.247579
0.840519
0.351165
0.432955
0.333460
0.183381
0.155637
0.075320
0.987331
0.372188
0.802081
0.199129
0.685037
0.010277
0.942811
0.912823
0.808734
0.565610
0.975028
0.873795
0.526370
0.499855
0.426149
0.993065
0.026534
0.000432
0.975326
0.990071
0.895344
0.694803
0.010729
0.654863
0.132573
0.498828
0.688276
0.003399
0.977885
0.121029
0.510770
0.005430
0.858120
0.980470
0.490241
0.999360
0.930394
0.053296
0.354409
0.118920
0.038342
0.206268
0.893615
0.779949
0.024520
0.011253
0.992567
0.913685
0.432159
0.705841
0.932092
0.111892
0.400585
0.131750
0.974283
0.825883
0.950958
0.327063
0.991336
0.818055
0.219985
0.013128
0.756828
0.904750
0.802006
0.850430
0.115848
0.769209
0.904241
0.077258
0.672905
0.648097
0.854046
0.985518
0.985606
0.405367
0.314395
0.159106
0.651448
0.077797
0.813708
0.005290
0.726332
0.001877
0.005091
0.052979
0.392881
0.814283
0.250302
0.191234
0.002713
0.916826
0.776429
0.510989
0.326124
0.365764
0.013070
0.121229
0.365869
0.348609
0.288900
0.360892
0.904187
0.776487
0.202680
0.001272
0.835949
0.797770
0.426289
0.980542
0.000067
0.237151
0.072436
0.492625
0.629664
0.898406
0.006685
0.192508
0.133180
0.833277
0.272654
0.993240
0.216257
0.944104
0.450884
0.310132
0.877428
0.116835
0.546505
0.278148
0.192157
0.565759
0.167695
0.000105
0.284115
0.023077
0.147850
0.764640
0.375990
0.238245
0.067679
0.939911
0.590741
0.688602
0.569925
0.992446
0.631277
0.577026
0.484696
0.261170
0.645261
0.458366
0.003468
0.525058
0.000041
0.083805
0.678598
0.142208
0.304333
0.810270
0.232057
0.874688
0.464891
0.993882
0.103574
0.818200
0.974895
0.472826
0.091991
0.999759
0.025535
0.138442
0.789586
0.387789
0.144230
0.968127
0.000402
0.581827
0.859079
0.432215
0.167239
0.783705
0.001550
0.998555
0.687835
0.246469
0.857863
0.946312
0.755453
0.044638
0.939695
0.938939
0.840749
0.185917
0.995656
0.989331
0.000733
0.944619
0.682102
0.001860
0.930845
0.137879
0.018153
0.112450
0.992199
0.931797
0.707576
0.648763
0.578494
0.242996
0.732758
0.889051
0.047881
0.364090
0.841991
0.882821
0.796238
0.808060
0.987128
0.243225
0.000071
0.000148
0.148345
0.049415
0.003453
0.928975
0.137398
0.603322
0.903818
0.164367
0.925040
0.898363
0.959955
0.243338
0.546250
0.693519
0.583591
0.989769
0.003919
0.185859
0.963603
0.881403
0.549227
0.014312
0.436591
0.733377
0.163122
0.849094
0.733227
0.116281
0.486582
0.012743
0.321269
0.861591
0.946983
0.382630
0.191422
0.119701
0.741356
0.116686
0.000473
0.069119
0.925817
0.383171
0.936542
0.392070
0.148515
0.971234
0.123366
0.062760
0.058554
0.749184
0.565312
0.057488
0.049242
0.867859
0.306700
0.019310
0.876159
0.000004
0.359718
0.859804
0.212587
0.922270
0.968640
0.021674
0.620826
0.577203
0.362866
0.683455
0.737153
0.105420
0.039513
0.933676
0.684767
0.170087
0.986524
0.986533
0.075245
0.301832
0.309025
0.484054
0.059585
0.887980
0.006361
0.399639
0.253561
0.009337
0.842368
0.425002
0.095180
0.961403
0.427873
0.794431
0.403323
0.912608
0.104050
0.162774
0.695044
0.946470
0.102184
0.015132
0.940391
0.927409
0.025180
0.387224
0.903451
0.822832
0.630275
0.039927
0.891121
0.938081
0.443505
0.010228
0.827156
0.006288
0.013448
0.995978
0.148444
0.145738
0.684042
0.977788
0.939089
0.700488
0.973935
0.356745
0.995547
0.802420
0.942171
0.252465
0.994603
0.001603
0.003613
0.430803
0.711404
0.937321
0.815418
0.835116
0.897084
0.747305
0.681117
0.440457
0.720038
0.998111
0.987163
0.887096
0.023856
0.786131
0.975191
0.949727
0.930728
0.727930
0.270622
0.805665
0.362390
0.124218
0.269684
0.069425
0.596497
0.564302
0.986980
0.374939
0.023290
0.105078
0.907660
0.993918
0.730598
0.946438
0.058145
0.029898
0.078486
0.149234
0.628656
0.668145
0.837601
0.334140
0.207164
0.000012
0.602294
0.865158
0.074849
0.528123
0.988512
0.685562
0.994896
0.892532
0.986236
0.940926
0.093716
0.593903
0.238566
0.129491
0.890289
0.291244
0.913505
0.779707
0.462582
0.822666
0.986594
0.943100
0.974603
0.208946
0.980187
0.245827
0.123687
0.786127
0.498469
0.000028
0.876303
0.228586
0.140832
0.212713
0.815495
0.035059
0.736726
0.015056
0.817828
0.020905
0.785472
0.107879
0.871805
0.805757
0.858647
0.203637
0.018823
0.324377
0.112303
0.905104
0.135022
0.013522
0.069019
0.048513
0.277558
0.988608
0.308173
0.105423
0.992146
0.007594
0.030253
0.039346
0.619918
0.728742
0.475214
0.044547
0.245314
0.221414
0.087918
0.410712
0.300059
0.423903
0.962574
0.032320
0.969570
0.283062
0.087733
0.000668
0.654959
0.980092
0.019707
0.047044
0.459044
0.300979
0.000060
0.583942
0.950782
0.916560
0.735442
0.000095
0.230940
0.087980
0.958364
0.005018
0.005393
0.612785
0.676034
0.133204
0.857428
0.990939
0.185781
0.547616
0.550501
0.019736
0.013643
0.768973
0.394014
0.998951
0.000463
0.962777
0.066442
0.055460
0.453433
0.165467
0.439247
0.974980
0.966752
0.778008
0.056219
0.709562
0.291668
0.033262
0.989698
0.248398
0.353282
0.956227
0.989820
0.942238
0.884894
0.964385
0.950664
0.063099
0.028954
0.405125
0.929399
0.988640
0.122257
0.269238
0.905712
0.989419
0.946932
0.815982
0.386626
0.970614
0.000246
0.197144
0.226121
0.833145
0.121467
0.936128
0.051764
0.823702
0.504940
0.115305
0.000770
0.754476
0.034243
0.201812
0.756549
0.688192
0.825251
0.057145
0.857201
0.528062
0.997268
0.143706
0.983685
0.239742
0.746435
0.108558
0.688441
0.552601
0.002058
0.921112
0.828613
0.436275
0.623636
0.765871
0.485069
0.585597
0.007703
0.980341
0.317660
0.983958
0.854298
0.779605
0.073416
0.014173
0.047455
0.991627
0.090638
0.986690
0.844183
0.887562
0.233468
0.528773
0.941515
0.468621
0.485354
0.126292
0.973305
0.141632
0.446283
0.994726
0.114439
0.833175
0.764751
0.704823
0.819429
0.976817
0.995591
0.860957
0.940448
0.886545
0.959156
0.693949
0.245401
0.483689
0.307034
0.251086
0.079500
0.954605
0.042540
0.564133
0.212267
0.513778
0.088930
0.798477
0.994746
0.623721
0.100238
0.776849
0.320524
0.832078
0.947211
0.410568
0.355352
0.850243
0.040726
0.006073
0.958458
0.182622
0.002904
0.927242
0.036633
0.801474
0.137813
0.428033
0.101746
0.486965
0.892855
0.061623
0.041391
0.282951
0.223188
0.885540
0.956303
0.245177
0.010092
0.019700
0.990803
0.000305
0.652615
0.950066
0.484767
0.264698
0.055505
0.020214
0.978199
0.972169
0.998773
0.376828
0.143259
0.379258
0.366689
0.683071
0.617720
0.433137
0.991009
0.943349
0.013381
0.717426
0.912478
0.529155
0.988856
0.995819
0.246623
0.998376
0.761597
0.181801
0.929477
0.693968
0.236105
0.257478
0.023308
0.521996
0.736903
0.981959
0.917901
0.872180
0.867539
0.373995
0.054019
0.921328
0.552821
0.943735
0.143043
0.999334
0.986577
0.886408
0.812574
0.554745
0.036466
0.042317
0.536193
0.799807
0.122645
0.587608
0.098829
0.766970
0.014060
0.012153
0.519852
0.049944
0.383661
0.286099
0.295023
0.049498
0.067543
0.230377
0.983059
0.126644
0.916303
0.127261
0.040868
0.089673
0.776688
0.429979
0.185484
0.561045
0.032027
0.135364
0.060350
0.867033
0.963653
0.715730
0.252671
0.000187
0.412321
0.786311
0.003439
0.846622
0.099396
0.843939
0.096885
0.967437
0.961975
0.759395
0.393685
0.884572
0.587902
0.423831
0.287357
0.793620
0.327529
0.888161
0.023909
0.813276
0.917640
0.017837
0.043059
0.399671
0.807936
0.554142
0.996111
0.941487
0.815346
0.088416
0.982473
0.518100
0.964227
0.983522
0.006779
0.445382
0.831378
0.954457
0.040119
0.753694
0.870168
0.879600
0.156025
0.048388
0.360310
0.460703
0.965009
0.072185
0.844857
0.705513
0.624789
0.050123
0.895808
0.009792
0.903132
0.576384
0.265141
0.498330
0.012126
0.386693
0.038280
0.844825
0.680351
0.300390
0.836235
0.160126
0.015413
0.964247
0.999204
0.436965
0.042667
0.996042
0.996442
0.688865
0.937344
0.117597
0.008895
0.031871
0.642232
0.683133
0.722864
0.080076
0.748742
0.921724
0.973070
0.118112
0.537580
0.035671
0.027919
0.602132
0.808898
0.995639
0.134494
0.367388
0.902196
0.830105
0.871173
0.969357
0.071844
0.007001
0.023267
0.002438
0.904464
0.079953
0.990769
0.952216
0.559267
0.452669
0.367444
0.924778
0.745512
0.223827
0.882026
0.011650
0.228719
0.060000
0.763151
0.283971
0.782959
0.003529
0.185360
0.885475
0.351694
0.817755
0.640002
0.324216
0.415218
0.035850
0.192351
0.003416
0.233890
0.997970
0.084184
0.978988
0.924357
0.056878
0.067665
0.541706
0.491289
0.930535
0.270376
0.173774
0.804579
0.966848
0.075781
0.934271
0.088700
0.562646
0.321953
0.834521
0.918872
0.457950
0.981878
0.040903
0.724680
0.048232
0.746453
0.977353
0.947950
0.168333
0.087645
0.132546
0.284761
0.819384
0.652504
0.625958
0.005475
0.172795
0.087389
0.062976
0.982717
0.007937
0.957393
0.531455
0.973140
0.892215
0.251838
0.978831
0.083380
0.702808
0.043424
0.763254
0.460868
0.207147
0.901849
0.233303
0.451432
0.879327
0.867004
0.775274
0.000135
0.062944
0.011493
0.858037
0.922947
0.888987
0.002790
0.044421
0.081350
0.053988
0.027348
0.742238
0.743545
0.418124
0.824971
0.008191
0.464007
0.193697
0.399945
0.009303
0.354031
0.885487
0.968937
0.332486
0.150131
0.887890
0.311227
0.799478
0.680914
0.561747
0.764637
0.045499
0.324352
0.933770
0.724105
0.804071
0.070287
0.231161
0.941532
0.389852
0.833844
0.927916
0.147483
0.981799
0.997812
0.962927
0.851878
0.199697
0.006282
0.385576
0.000717
0.991028
0.014472
0.173493
0.266998
0.806028
0.334211
0.972549
0.970036
0.358539
0.993295
0.320253
0.679619
0.771598
0.003569
0.442009
0.900533
0.189028
0.970247
0.958423
0.110296
0.396765
0.652934
0.501791
0.925263
0.082052
0.993353
0.999290
0.230577
0.812617
0.077385
0.393010
0.162296
0.989618
0.419361
0.030906
0.040817
0.533571
0.002714
0.296015
0.871824
0.234456
0.183555
0.251115
0.920168
0.902154
0.581837
0.742857
0.677746
0.174971
0.031091
0.018485
0.959063
0.988884
0.276231
0.052852
0.986839
0.997285
0.981377
0.006019
0.180382
0.443569
0.025415
0.194489
0.559183
0.043074
0.441548
0.703202
0.305596
0.981342
0.292638
0.999203
0.705652
0.209210
0.561551
0.995872
0.002159
0.953129
0.020893
0.003621
0.183103
0.406313
0.968721
0.077119
0.000412
0.563644
0.656701
0.438596
0.161971
0.954661
0.857142
0.991531
0.952008
0.031871
0.388255
0.938226
0.959423
0.992655
0.198458
0.011924
0.849256
0.000392
0.066374
0.747350
0.562853
0.796163
0.983453
0.222321
0.349265
0.964217
0.906970
0.254552
0.940094
0.160265
0.944492
0.574541
0.972576
0.632573
0.352592
0.224043
0.906691
0.761838
0.002561
0.145467
0.073837
0.205955
0.072783
0.144942
0.033084
0.002110
0.115770
0.989688
0.367772
0.295203
0.823005
0.709698
0.964807
0.867502
0.619778
0.940395
0.412065
0.450599
0.759233
0.134713
0.966496
0.004184
0.637514
0.610948
0.314996
0.467457
0.302352
0.757214
0.987743
0.150974
0.805879
0.200689
0.362788
0.305912
0.960998
0.895448
0.951769
0.517109
0.132900
0.032789
0.506216
0.972970
0.001691
0.028070
0.013388
0.892682
0.491308
0.918536
0.984242
0.981496
0.937557
0.959654
0.982311
0.016945
0.515164
0.850799
0.471733
0.947167
0.779923
0.630502
0.756406
0.231544
0.025493
0.716966
0.780185
0.921912
0.000059
0.088927
0.885820
0.536768
0.898388
0.748187
0.740516
0.961821
0.939970
0.139895
0.984433
0.952948
0.500787
0.578949
0.995235
0.206268
0.057657
0.388598
0.623950
0.837994
0.778226
0.108373
0.848608
0.741229
0.224330
0.202250
0.033702
0.986176
0.685279
0.014841
0.446027
0.121553
0.975595
0.121835
0.993182
0.658370
0.523533
0.469981
0.646160
0.349910
0.003683
0.636204
0.839156
0.625536
0.949819
0.366528
0.942294
0.938477
0.052903
0.102589
0.032283
0.141028
0.266476
0.166540
0.203853
0.857503
0.424919
0.895619
0.924501
0.728997
0.086711
0.269374
0.044953
0.231005
0.640138
0.015189
0.010815
0.938899
0.998833
0.036331
0.004054
0.573514
0.706976
0.870768
0.961537
0.048039
0.926955
0.024188
0.009409
0.010006
0.000346
0.235237
0.292042
0.024824
0.495642
0.997891
0.945631
0.969696
0.099375
0.969227
0.989306
0.418243
0.886495
0.003273
0.475110
0.801408
0.002929
0.824043
0.685948
0.064938
0.014912
0.141463
0.862944
0.980922
0.063314
0.992398
0.713730
0.966194
0.749901
0.948876
0.332786
0.718762
0.008691
0.448319
0.039148
0.943386
0.012144
0.959690
0.844950
0.899657
0.874694
0.638868
0.680193
0.043611
0.921424
0.342574
0.886800
0.392802
0.992858
0.362007
0.369709
0.981748
0.866062
0.005649
0.213237
0.363842
0.383962
0.591319
0.050694
0.546781
0.598114
0.242952
0.019943
0.683739
0.715367
0.969581
0.420696
0.899553
0.491489
0.135964
0.863014
0.990397
0.823913
0.007130
0.973109
0.492659
0.247386
0.611964
0.914001
0.883337
0.424011
0.018414
0.298004
0.877012
0.745505
0.965005
0.712484
0.062642
0.496567
0.011603
0.003526
0.249861
0.972867
0.328131
0.288958
0.737998
0.013453
0.077338
0.256500
0.895333
0.995886
0.770575
0.807145
0.143000
0.038603
0.434272
0.130924
0.849789
0.663389
0.847422
0.952313
0.158578
0.000236
0.923999
0.664059
0.003429
0.001361
0.120046
0.669948
0.555663
0.009953
0.938319
0.576709
0.096667
0.878918
0.133099
0.984268
0.112091
0.625963
0.026026
0.052059
0.937844
0.703866
0.028010
0.270751
0.001976
0.053573
0.010999
0.824995
0.998355
0.660941
0.070666
0.201751
0.837882
0.994059
0.997174
0.304851
0.454118
0.000010
0.405704
0.000091
0.958398
0.959807
0.153504
0.844838
0.952333
0.934810
0.152706
0.995553
0.971258
0.025546
0.517199
0.020118
0.429496
0.741949
0.958393
0.023688
0.790566
0.985201
0.188283
0.335729
0.129832
0.957729
0.577077
0.818125
0.990219
0.443449
0.826152
0.009860
0.808658
0.008835
0.672274
0.057139
0.100132
0.212633
0.904034
0.986884
0.236117
0.997605
0.232943
0.811602
0.259036
0.762657
0.174841
0.989874
0.041378
0.574697
0.066082
0.175637
0.336269
0.592593
0.004295
0.719398
0.887915
0.364015
0.248927
0.744449
0.713497
0.991174
0.464862
0.559342
0.976350
0.935293
0.880063
0.032006
0.320077
0.828288
0.285855
0.758347
0.791283
0.824988
0.666237
0.894995
0.506785
0.951033
0.683597
0.211530
0.221536
0.942076
0.512048
0.188905
0.029160
0.989902
0.065098
0.992377
0.774559
0.937294
0.035771
0.911376
0.787217
0.069235
0.303728
0.834254
0.919215
0.926593
0.079957
0.097089
0.023240
0.002547
0.099898
0.880443
0.917737
0.532676
0.203770
0.850503
0.660220
0.023569
0.998903
0.429659
0.048947
0.003809
0.010101
0.394431
0.406517
0.721779
0.721941
0.540910
0.881668
0.957088
0.013774
0.549369
0.000329
0.379072
0.286802
0.989856
0.348140
0.042804
0.037920
0.895943
0.094212
0.512299
0.761583
0.060039
0.127525
0.909037
0.431941
0.001009
0.021024
0.990085
0.081797
0.714169
0.345366
0.992657
0.891601
0.324652
0.999650
0.985792
0.826947
0.345407
0.140199
0.994842
0.451756
0.843555
0.267435
0.912323
0.771944
0.040722
0.547268
0.017463
0.001698
0.016209
0.676365
0.858085
0.762173
0.369681
0.717568
0.000039
0.720283
0.075723
0.380647
0.030807
0.511435
0.770245
0.291788
0.588738
0.855639
0.446505
0.765016
0.008098
0.084932
0.957873
0.842539
0.912212
0.024871
0.991570
0.197728
0.150374
0.002841
0.853406
0.943303
0.900004
0.983520
0.914581
0.839247
0.002605
0.033626
0.944677
0.172122
0.015637
0.513701
0.042797
0.002987
0.476042
0.019508
0.838998
0.607953
0.687478
0.947736
0.481472
0.269904
0.528528
0.077401
0.945404
0.197899
0.233354
0.983015
0.784071
0.994694
0.527050
0.497190
0.134962
0.113601
0.010130
0.185508
0.000103
0.081047
0.772200
0.258075
0.980489
0.031620
0.978492
0.146163
0.996942
0.695393
0.704193
0.680354
0.410920
0.157463
0.936249
0.135626
0.054942
0.531734
0.849302
0.988185
0.777341
0.939332
0.745407
0.280637
0.673844
0.955939
0.208306
0.383534
0.000438
0.304199
0.048111
0.800954
0.872839
0.898154
0.328747
0.567524
0.871803
0.474924
0.048408
0.775574
0.000134
0.117439
0.694147
0.027191
0.006546
0.995753
0.811028
0.136129
0.986728
0.008032
0.129620
0.979911
0.273491
0.998624
0.812325
0.646329
0.439801
0.514435
0.001594
0.007002
0.901783
0.001262
0.946199
0.882057
0.493343
0.287689
0.524561
0.986931
0.130967
0.016717
0.067691
0.908597
0.003996
0.177967
0.987882
0.099723
0.875837
0.487291
0.854330
0.021464
0.636801
0.824605
0.959358
0.649683
0.322022
0.189444
0.990296
0.116652
0.586509
0.867607
0.005986
0.709136
0.036979
0.574572
0.659424
0.745419
0.591674
0.006895
0.561221
0.968994
0.798658
0.229917
0.565183
0.260478
0.793067
0.719236
0.206630
0.803379
0.081985
0.177081
0.966073
0.005373
0.802388
0.772275
0.180638
0.963486
0.161060
0.851990
0.937534
0.217657
0.180204
0.120379
0.934106
0.680348
0.955525
0.418113
0.006516
0.310599
0.863243
0.789536
0.888717
0.007093
0.915202
0.089014
0.676147
0.497955
0.638797
0.821126
0.312130
0.479291
0.899480
0.016414
0.955378
0.906930
0.229309
0.094676
0.091639
0.720678
0.290021
0.999195
0.172708
0.726916
0.949573
0.237551
0.553827
0.193222
0.609267
0.869860
0.996219
0.140166
0.935204
0.025246
0.302050
0.044866
0.113530
0.129148
0.144444
0.671362
0.863282
0.259086
0.002381
0.831068
0.153376
0.994689
0.543371
0.051372
0.854305
0.926668
0.818065
0.966268
0.702116
0.743899
0.000628
0.487507
0.637845
0.216454
0.975267
0.874618
0.033160
0.889524
0.121948
0.983522
0.948833
0.995804
0.000051
0.216766
0.310371
0.332587
0.033318
0.952136
0.931719
0.826023
0.927297
0.013060
0.071850
0.892982
0.118034
0.809640
0.290768
0.728174
0.980931
0.941602
0.991695
0.003445
0.666208
0.286343
0.983638
0.809378
0.812826
0.810988
0.493253
0.995778
0.043189
0.139478
0.264671
0.984236
0.676336
0.982977
0.305233
0.000928
0.644235
0.686012
0.001065
0.463926
0.008344
0.853354
0.047217
0.003202
0.506607
0.624019
0.813916
0.876169
0.010955
0.021406
0.807772
0.269581
0.025200
0.002936
0.175833
0.984286
0.299801
0.005449
0.931519
0.872104
0.137811
0.443847
0.589903
0.897692
0.087977
0.163611
0.823451
0.687694
0.008055
0.983912
0.840916
0.076035
0.904755
0.009745
0.200786
0.468930
0.000227
0.864888
0.989666
0.850224
0.107663
0.893577
0.271713
0.001625
0.798708
0.973031
0.922570
0.270663
0.011489
0.998760
0.176870
0.619653
0.801991
0.033145
0.736582
0.020040
0.001453
0.292228
0.847706
0.456456
0.025157
0.999100
0.079323
0.021476
0.990404
0.867796
0.963458
0.768977
0.976149
0.789024
0.889176
0.003833
0.892378
0.617657
0.561682
0.089254
0.017425
0.750943
0.062475
0.952253
0.514623
0.148155
0.847391
0.943717
0.021353
0.900761
0.911939
0.053049
0.985448
0.747923
0.788310
0.221594
0.392972
0.718118
0.915062
0.004555
0.794553
0.351917
0.474322
0.916955
0.488189
0.471047
0.525859
0.000128
0.380870
0.135377
0.884801
0.994446
0.113007
0.051635
0.992322
0.889327
0.631167
0.359985
0.931705
0.121270
0.011098
0.975413
0.855739
0.563888
0.838363
0.697365
0.918773
0.979719
0.148222
0.704175
0.985427
0.934526
0.412027
0.337724
0.812232
0.840512
0.154481
0.847998
0.404379
0.994728
0.197451
0.353476
0.583130
0.582058
0.256258
0.697419
0.149455
0.756047
0.895168
0.048431
0.272591
0.017044
0.682753
0.161283
0.422812
0.960614
0.124555
0.969313
0.943365
0.925465
0.817917
0.476062
0.733488
0.895874
0.836396
0.996757
0.897084
0.461548
0.951030
0.788509
0.779613
0.454522
0.215081
0.999605
0.677755
0.131283
0.890677
0.993146
0.512179
0.312953
0.019875
0.950333
0.276786
0.810882
0.445774
0.453243
0.216370
0.000433
0.757905
0.239094
0.977394
0.295981
0.910700
0.457224
0.025270
0.558869
0.085158
0.172983
0.996383
0.009431
0.825176
0.973444
0.404812
0.863459
0.687952
0.843640
0.992673
0.063486
0.830248
0.991967
0.896793
0.948965
0.031832
0.947066
0.732038
0.074611
0.023505
0.116103
0.781622
0.573722
0.001638
0.507074
0.891147
0.146180
0.724721
0.878234
0.706937
0.666021
0.611681
0.989493
0.597882
0.012620
0.499647
0.946398
0.981491
0.044034
0.936909
0.676174
0.944911
0.004252
0.819990
0.380525
0.806356
0.712120
0.731725
0.482579
0.932596
0.976499
0.815763
0.211071
0.036145
0.002367
0.188299
0.943970
0.842483
0.400388
0.003219
0.003239
0.177466
0.155388
0.249970
0.953939
0.037649
0.127157
0.203408
0.800205
0.942816
0.281374
0.219539
0.143435
0.965283
0.467772
0.584173
0.507996
0.825325
0.232307
0.538145
0.823635
0.022069
0.056017
0.539781
0.711489
0.976053
0.998442
0.353806
0.687054
0.662318
0.028084
0.013122
0.974998
0.047386
0.398948
0.368054
0.010561
0.880570
0.523415
0.683314
0.990805
0.006175
0.913522
0.993389
0.346211
0.984409
0.301983
0.579798
0.592571
0.582967
0.003912
0.993495
0.624679
0.828388
0.974100
0.267352
0.136128
0.001541
0.518290
0.623985
0.442615
0.971571
0.962131
0.622871
0.170659
0.046870
0.025006
0.013612
0.086522
0.536686
0.944921
0.728444
0.421147
0.682162
0.017540
0.566062
0.854308
0.029973
0.754177
0.620035
0.716397
0.975410
0.021766
0.009999
0.921762
0.003742
0.662665
0.346499
0.771334
0.212341
0.028567
0.819866
0.998867
0.467519
0.962423
0.864750
0.969043
0.995534
0.788795
0.107199
0.091929
0.998547
0.208340
0.983415
0.718776
0.044348
0.824057
0.440699
0.908297
0.053379
0.528629
0.732332
0.005735
0.924319
0.994575
0.976814
0.999509
0.478096
0.143226
0.879641
0.241664
0.999596
0.978059
0.746748
0.263462
0.906210
0.319907
0.001966
0.802833
0.862640
0.796128
0.805361
0.864033
0.785123
0.019401
0.049609
0.291812
0.192994
0.510249
0.687520
0.043915
0.775545
0.973892
0.729385
0.002707
0.151392
0.894529
0.151472
0.246411
0.024273
0.970122
0.510784
0.769705
0.144615
0.214364
0.735448
0.017158
0.065258
0.945599
0.416066
0.195910
0.904856
0.801827
0.042248
0.024412
0.253894
0.195598
0.026419
0.479674
0.988042
0.979457
0.915552
0.039373
0.002033
0.321141
0.919656
0.859096
0.667395
0.180771
0.564782
0.007549
0.804533
0.804020
0.552485
0.000858
0.120752
0.540472
0.023257
0.982218
0.881588
0.966109
0.935714
0.009078
0.050016
0.961339
0.659389
0.471757
0.014289
0.007248
0.003267
0.001447
0.450728
0.123569
0.334097
0.373158
0.783076
0.915711
0.312439
0.000267
0.167928
0.227765
0.012396
0.626598
0.174154
0.880845
0.045157
0.974227
0.595215
0.026154
0.951177
0.013894
0.165026
0.548138
0.820034
0.652113
0.795031
0.009900
0.777928
0.012069
0.923132
0.039994
0.261087
0.962591
0.979868
0.572445
0.000892
0.962680
0.175126
0.786523
0.019387
0.154214
0.855735
0.003193
0.683422
0.003802
0.987616
0.725517
0.123892
0.072392
0.671692
0.835030
0.663981
0.573690
0.192214
0.322184
0.996333
0.439815
0.563578
0.635174
0.158652
0.961075
0.000171
0.387635
0.993704
0.066361
0.302220
0.001469
0.049991
0.091831
0.073719
0.391972
0.715660
0.607644
0.131852
0.507637
0.683218
0.361143
0.647943
0.974237
0.317703
0.001047
0.892549
0.807618
0.906047
0.998670
0.858832
0.179124
0.014332
0.945916
0.948974
0.072586
0.868271
0.344206
0.042391
0.953099
0.509461
0.318716
0.985970
0.988408
0.008868
0.981845
0.676676
0.919214
0.001396
0.973155
0.183483
0.936989
0.915268
0.786171
0.206300
0.933760
0.458225
0.201635
0.893856
0.000818
0.871147
0.198136
0.001777
0.000488
0.076289
0.007533
0.054800
0.000580
0.022687
0.889917
0.025901
0.976568
0.198482
0.949952
0.002261
0.160104
0.009641
0.306723
0.985453
0.004582
0.943636
0.551827
0.976546
0.854377
0.673655
0.569196
0.731927
0.939521
0.360020
0.204774
0.278302
0.628108
0.118441
0.996954
0.478633
0.468814
0.769223
0.409925
0.968901
0.334905
0.719983
0.000580
0.299402
0.699925
0.881155
0.037236
0.954644
0.888927
0.005976
0.378255
0.922670
0.420349
0.259886
0.406107
0.498907
0.709614
0.266232
0.355585
0.979133
0.883291
0.875589
0.048433
0.268796
0.131781
0.801610
0.996597
0.851823
0.093892
0.343621
0.687193
0.099718
0.959528
0.959324
0.218490
0.823078
0.746213
0.139707
0.032599
0.914379
0.738490
0.994575
0.978363
0.436829
0.298334
0.951627
0.382825
0.908072
0.077779
0.954585
0.989014
0.121292
0.110872
0.000089
0.061677
0.928783
0.958800
0.639599
0.963037
0.115789
0.829991
0.242413
0.091324
0.970972
0.956729
0.995599
0.983219
0.939494
0.951745
0.991909
0.000463
0.232852
0.484296
0.674020
0.974767
0.980844
0.643605
0.110372
0.656694
0.987760
0.484399
0.876811
0.943416
0.166462
0.359177
0.772316
0.001741
0.958780
0.702395
0.084565
0.985155
0.000294
0.990367
0.981078
0.004924
0.511802
0.956025
0.523533
0.883367
0.952844
0.795191
0.951474
0.555298
0.022514
0.435726
0.717829
0.656069
0.451867
0.031850
0.032779
0.363457
0.271359
0.546861
0.035608
0.959206
0.776423
0.902815
0.526211
0.000977
0.151276
0.584843
0.995554
0.098793
0.175764
0.017086
0.206580
0.968785
0.004093
0.593912
0.385726
0.945147
0.118592
0.903463
0.649706
0.083315
0.885469
0.006790
0.469128
0.933573
0.922673
0.891703
0.371219
0.765412
0.195350
0.988602
0.964248
0.273615
0.316245
0.622523
0.441117
0.466611
0.522406
0.989141
0.020720
0.834296
0.846974
0.984352
0.005546
0.760540
0.011807
0.315283
0.010768
0.103108
0.630560
0.921356
0.132691
0.915293
0.832609
0.300408
0.021277
0.315366
0.992011
0.183676
0.864792
0.886274
0.125877
0.058447
0.470002
0.944380
0.020472
0.958106
0.004233
0.763400
0.056450
0.834873
0.880615
0.967295
0.004222
0.077433
0.028410
0.976216
0.897088
0.002059
0.001618
0.049464
0.723807
0.954639
0.424527
0.343414
0.079071
0.701993
0.745104
0.899553
0.572152
0.143914
0.699663
0.021758
0.921971
0.677727
0.391085
0.091866
0.060993
0.033543
0.987743
0.097041
0.755528
0.030233
0.946862
0.046145
0.087948
0.326138
0.653822
0.088739
0.657135
0.976505
0.775508
0.932784
0.701347
0.031335
0.934314
0.545642
0.947142
0.968980
0.275179
0.945039
0.933744
0.422596
0.691011
0.768690
0.758645
0.602624
0.864668
0.994403
0.656629
0.067720
0.364262
0.860312
0.986805
0.451823
0.654851
0.997436
0.447315
0.668908
0.975946
0.000508
0.927556
0.000826
0.935686
0.807726
0.619469
0.660935
0.603317
0.865340
0.838156
0.984294
0.491819
0.058595
0.860484
0.710229
0.063139
0.963381
0.956401
0.968210
0.828698
0.003944
0.775846
0.738827
0.123716
0.503133
0.996935
0.960149
0.283876
0.289765
0.971929
0.458460
0.886013
0.000327
0.002290
0.615247
0.615182
0.768275
0.566791
0.254944
0.019635
0.517995
0.017359
0.715368
0.024296
0.955655
0.990035
0.022948
0.006624
0.987126
0.971694
0.799694
0.073578
0.949205
0.997531
0.268418
0.926379
0.839280
0.698781
0.523489
0.947364
0.964879
0.350212
0.784748
0.061122
0.020784
0.057307
0.539688
0.948666
0.037261
0.043044
0.175165
0.463986
0.112049
0.805432
0.925833
0.005301
0.943024
0.357128
0.022427
0.742942
0.679846
0.000762
0.917089
0.386525
0.530863
0.973776
0.806970
0.263555
0.988786
0.468152
0.019259
0.867934
0.835137
0.477903
0.001342
0.792685
0.422702
0.315457
0.042938
0.954049
0.000003
0.078486
0.786415
0.353799
0.009595
0.492608
0.863949
0.817095
0.106364
0.605197
0.971169
0.847182
0.168454
0.712539
0.736793
0.780338
0.974033
0.447369
0.224268
0.001881
0.956311
0.727389
0.334545
0.817460
0.055452
0.063441
0.013004
0.993991
0.663609
0.457117
0.997980
0.257639
0.590014
0.515615
0.553438
0.558956
0.380813
0.360861
0.765094
0.804429
0.868993
0.012827
0.983550
0.987096
0.911872
0.907627
0.960267
0.016931
0.824968
0.926893
0.993719
0.343947
0.988142
0.981874
0.577236
0.492383
0.548356
0.823069
0.887362
0.710092
0.660843
0.970784
0.002002
0.665838
0.837649
0.746356
0.944875
0.846865
0.005711
0.291943
0.803493
0.461940
0.376300
0.774823
0.026310
0.004833
0.203459
0.997888
0.019093
0.565068
0.984509
0.995867
0.442193
0.911285
0.560298
0.185041
0.411132
0.379613
0.214701
0.026281
0.915012
0.143015
0.279367
0.437602
0.696980
0.517874
0.119189
0.037907
0.326105
0.551508
0.908904
0.647787
0.133527
0.528891
0.018954
0.875310
0.657110
0.000964
0.671297
0.271771
0.693088
0.344373
0.686727
0.947795
0.857144
0.814858
0.574052
0.931436
0.953682
0.237976
0.970237
0.741832
0.216111
0.581143
0.249641
0.203378
0.000088
0.115801
0.218516
0.061147
0.226415
0.015489
0.988635
0.118451
0.186624
0.012003
0.912288
0.911116
0.230595
0.921636
0.507780
0.898368
0.268016
0.954198
0.991595
0.433810
0.355570
0.854548
0.000767
0.919232
0.276554
0.002942
0.359482
0.053304
0.002664
0.982616
0.939804
0.934820
0.049459
0.958349
0.686620
0.950549
0.962318
0.097424
0.524888
0.965593
0.039133
0.650954
0.742696
0.012830
0.883466
0.666617
0.000044
0.088528
0.084767
0.811396
0.796836
0.131467
0.210764
0.849787
0.419870
0.226163
0.874340
0.083596
0.023550
0.132601
0.974537
0.955543
0.341394
0.104212
0.024396
0.172934
0.006260
0.719123
0.000015
0.006043
0.952501
0.570919
0.723651
0.860752
0.954951
0.418833
0.229964
0.514568
0.213546
0.928202
0.935764
0.878936
0.003314
0.081027
0.143512
0.630925
0.072122
0.741244
0.106730
0.848558
0.024397
0.769973
0.287992
0.486961
0.171256
0.851143
0.184613
0.527980
0.345502
0.972410
0.904018
0.848231
0.099005
0.003931
0.651242
0.996864
0.602204
0.983912
0.784233
0.780440
0.075986
0.214288
0.958588
0.072392
0.911328
0.125664
0.017726
0.895743
0.031120
0.000352
0.981183
0.843693
0.735211
0.999954
0.146211
0.965282
0.011166
0.786780
0.226463
0.092194
0.983786
0.986056
0.217259
0.568670
0.254875
0.403193
0.062696
0.411038
0.332941
0.405977
0.026272
0.168903
0.022328
0.897420
0.967728
0.965556
0.888004
0.371317
0.777560
0.747412
0.723700
0.951049
0.084798
0.902250
0.000010
0.617572
0.996190
0.990061
0.880321
0.898925
0.059830
0.869285
0.586103
0.002905
0.001256
0.683691
0.461923
0.867858
0.010570
0.052951
0.026693
0.998145
0.917284
0.590600
0.047812
0.780729
0.957005
0.004577
0.922821
0.912328
0.887902
0.799414
0.943528
0.974343
0.526382
0.910894
0.019556
0.996210
0.871029
0.023125
0.861474
0.719209
0.974545
0.480615
0.906247
0.234089
0.882665
0.960694
0.819506
0.968768
0.986520
0.998556
0.100903
0.039140
0.459682
0.018456
0.766193
0.666095
0.874005
0.473343
0.303833
0.835824
0.387811
0.748371
0.070606
0.313441
0.747207
0.656364
0.223550
0.971428
0.993485
0.269412
0.174261
0.017285
0.993667
0.984557
0.863015
0.823815
0.168960
0.430216
0.084245
0.890179
0.955192
0.255571
0.867979
0.991516
0.181202
0.934191
0.999591
0.960342
0.462126
0.665450
0.994309
0.014438
0.576793
0.661429
0.094191
0.142764
0.294225
0.020054
0.913532
0.125097
0.444714
0.148377
0.391689
0.300212
0.052213
0.059417
0.871494
0.403161
0.920503
0.457219
0.362724
0.001959
0.005871
0.687798
0.534257
0.818884
0.100736
0.380780
0.015383
0.219771
0.029257
0.135614
0.573790
0.940310
0.399052
0.776432
0.294234
0.471189
0.051425
0.995482
0.129684
0.886077
0.984934
0.994847
0.941352
0.075400
0.811743
0.981955
0.225194
0.788832
0.035287
0.000068
0.895213
0.902916
0.564007
0.996124
0.289187
0.082731
0.787469
0.592043
0.028543
0.483771
0.000099
0.846028
0.990697
0.890469
0.353950
0.992247
0.379498
0.629514
0.904399
0.122730
0.287149
0.662582
0.001972
0.868026
0.138874
0.956742
0.838365
0.981776
0.039280
0.409737
0.647497
0.104568
0.760386
0.039420
0.863631
0.303694
0.002798
0.313368
0.987303
0.192975
0.943181
0.659059
0.916963
0.383657
0.910612
0.607662
0.020175
0.819782
0.231524
0.461550
0.918519
0.960815
0.771567
0.992028
0.610654
0.591968
0.405144
0.134197
0.994735
0.774993
0.004167
0.298556
0.028510
0.528968
0.536416
0.921439
0.003811
0.042551
0.299060
0.865542
0.686775
0.063284
0.992692
0.001323
0.967760
0.264446
0.128552
0.159904
0.995771
0.137017
0.860640
0.444683
0.009322
0.626105
0.931171
0.899949
0.986932
0.913814
0.129712
0.430488
0.121132
0.990701
0.942240
0.001583
0.961414
0.986323
0.110158
0.700984
0.725293
0.394842
0.978756
0.859932
0.140051
0.164959
0.358343
0.059367
0.926318
0.890044
0.129045
0.215459
0.023230
0.008640
0.078391
0.878837
0.099552
0.292651
0.790257
0.049828
0.836116
0.790939
0.146682
0.934887
0.096880
0.503969
0.113250
0.156185
0.068479
0.012305
0.935787
0.562622
0.868314
0.957607
0.001153
0.096690
0.877639
0.739961
0.688201
0.012017
0.811191
0.997297
0.542300
0.638341
0.151130
0.939549
0.949349
0.112828
0.973131
0.123716
0.235069
0.010409
0.755142
0.026311
0.000791
0.011670
0.513951
0.576149
0.260263
0.035875
0.238588
0.988071
0.648751
0.826368
0.460672
0.246091
0.974308
0.294025
0.000538
0.895594
0.379761
0.864251
0.044441
0.525153
0.835551
0.621565
0.030598
0.010093
0.569060
0.015033
0.660067
0.014618
0.014872
0.622031
0.597221
0.982670
0.488585
0.901508
0.225698
0.112701
0.576446
0.990717
0.775587
0.876811
0.212374
0.353534
0.988855
0.003393
0.960513
0.927866
0.889109
0.697334
0.666954
0.971484
0.419814
0.963957
0.228211
0.225550
0.491257
0.990187
0.823400
0.850313
0.515224
0.928775
0.661206
0.955511
0.290949
0.861165
0.974214
0.085397
0.890483
0.693305
0.439192
0.980264
0.998921
0.985473
0.068489
0.281534
0.284151
0.882748
0.914751
0.237378
0.000763
0.747308
0.992341
0.720917
0.014700
0.713820
0.014595
0.500691
0.452334
0.795273
0.858590
0.600677
0.907903
0.003802
0.775257
0.177869
0.845471
0.971125
0.035336
0.862559
0.092120
0.078742
0.879575
0.213249
0.040071
0.003194
0.826166
0.253534
0.404588
0.004396
0.353110
0.803268
0.384873
0.834643
0.894035
0.319501
0.061836
0.999864
0.778323
0.230739
0.366651
0.503078
0.027155
0.786585
0.017252
0.016684
0.588352
0.287137
0.201246
0.907740
0.923792
0.750058
0.010213
0.987628
0.960439
0.089856
0.002499
0.062877
0.334872
0.943536
0.000054
0.650910
0.963400
0.910525
0.020953
0.511377
0.393294
0.094156
0.979608
0.903383
0.892962
0.229456
0.819182
0.159630
0.957681
0.527495
0.891316
0.883940
0.148325
0.068041
0.331097
0.001281
0.874298
0.494837
0.024976
0.008457
0.780318
0.081090
0.695454
0.785186
0.599097
0.864522
0.818442
0.975895
